0.000000
0.999969
0.999969
0.791962
-0.685883
-0.999969
-0.949005
-0.022339
0.495239
0.341217
0.018250
0.107971
0.552948
0.697327
0.054138
-0.999969
-0.999969
-0.850006
0.709503
0.999969
0.999969
0.142639
-0.999969
-0.999969
-0.846375
0.526520
0.999969
0.836945
0.069031
-0.304230
-0.116852
0.101227
-0.165527
-0.746094
-0.904083
-0.156982
0.999969
0.999969
0.999969
-0.603394
-0.999969
-0.999969
-0.278809
0.999969
0.999969
0.869385
-0.378265
-0.990021
-0.693604
-0.083649
0.130219
-0.113678
-0.246887
0.189728
0.915344
0.999969
0.281738
-0.999969
-0.999969
-0.999969
0.478790
0.999969
0.999969
0.402252
-0.999969
-0.999969
-0.858734
0.246918
0.776825
0.522583
0.065002
0.021515
0.343750
0.414246
-0.180511
-0.999969
-0.999969
-0.423218
0.999969
0.999969
0.999969
-0.341522
-0.999969
-0.999969
-0.507202
0.929077
0.999969
0.813324
-0.137665
-0.562469
-0.328400
-0.013245
-0.146515
-0.566772
-0.598022
0.139099
0.999969
0.999969
0.575531
-0.995514
-0.999969
-0.999969
0.197876
0.999969
0.999969
0.588531
-0.756683
-0.999969
-0.733337
0.054901
0.353546
0.116455
-0.070374
0.241333
0.776276
0.792206
-0.067902
-0.999969
-0.999969
-0.732422
0.909973
0.999969
0.999969
-0.054291
-0.999969
-0.999969
-0.641937
0.589386
0.999969
0.620117
-0.001984
-0.156372
0.107208
0.183350
-0.303619
-0.966370
-0.990448
-0.029572
0.999969
0.999969
0.887299
-0.800720
-0.999969
-0.999969
-0.082733
0.999969
0.999969
0.664154
-0.433502
-0.834076
-0.476288
-0.018860
-0.023102
-0.336182
-0.322083
0.332214
0.999969
0.999969
0.148895
-0.999969
-0.999969
-0.999969
0.673004
0.999969
0.999969
0.207001
-0.999969
-0.999969
-0.652954
0.294830
0.613831
0.305450
0.006561
0.179657
0.563782
0.482025
-0.327148
-0.999969
-0.999969
-0.284790
0.999969
0.999969
0.999969
-0.532715
-0.999969
-0.999969
-0.312744
0.965363
0.999969
0.607361
-0.178497
-0.393219
-0.112244
0.038727
-0.308899
-0.783447
-0.657806
0.289795
0.999969
0.999969
0.431335
-0.999969
-0.999969
-0.999969
0.386108
0.999969
0.999969
0.394867
-0.784088
-0.999969
-0.527649
0.088837
0.178772
-0.097900
-0.115601
0.407471
0.988739
0.843475
-0.222565
-0.999969
-0.999969
-0.582245
0.999969
0.999969
0.999969
-0.239685
-0.999969
-0.999969
-0.449219
0.608368
0.867126
0.415283
-0.029175
0.023102
0.318909
0.221527
-0.473022
-0.999969
-0.999969
0.129028
0.999969
0.999969
0.731018
-0.984711
-0.999969
-0.999969
0.099915
0.999969
0.999969
0.472504
-0.444427
-0.647614
-0.272858
0.001617
-0.206543
-0.544373
-0.352844
0.504547
0.999969
0.999969
-0.013702
-0.999969
-0.999969
-0.871185
0.852051
0.999969
0.999969
0.027008
-0.999969
-0.999969
-0.462646
0.298065
0.421875
0.104126
-0.007233
0.366394
0.767578
0.504974
-0.502167
-0.999969
-0.999969
-0.118103
0.999969
0.999969
0.996582
-0.706848
-0.999969
-0.999969
-0.135376
0.956604
0.999969
0.418762
-0.174377
-0.196564
0.086212
0.045715
-0.498291
-0.981964
-0.672485
0.467255
0.999969
0.999969
0.260437
-0.999969
-0.999969
-0.999969
0.555481
0.999969
0.999969
0.220154
-0.766296
-0.874878
-0.341156
0.077667
-0.021698
-0.292694
-0.115662
0.598938
0.999969
0.849426
-0.402374
-0.999969
-0.999969
-0.407013
0.999969
0.999969
0.999969
-0.404449
-0.999969
-0.999969
-0.277161
0.582001
0.662598
0.231384
-0.011108
0.226593
0.509247
0.214417
-0.666138
-0.999969
-0.999969
0.311127
0.999969
0.999969
0.551331
-0.999969
-0.999969
-0.999969
0.260223
0.999969
0.999969
0.303314
-0.409973
-0.438477
-0.092163
-0.023163
-0.412262
-0.729401
-0.338318
0.698853
0.999969
0.999969
-0.198090
-0.999969
-0.999969
-0.686890
0.999969
0.999969
0.999969
-0.128967
-0.999969
-0.999969
-0.296509
0.256012
0.209015
-0.072723
0.024200
0.573608
0.946472
0.482635
-0.697388
-0.999969
-0.999969
0.068665
0.999969
0.999969
0.807617
-0.855408
-0.999969
-0.999969
0.016327
0.902527
0.856812
0.255981
-0.125153
0.019104
0.258514
0.007660
-0.706360
-0.999969
-0.642029
0.663147
0.999969
0.999969
0.071259
-0.999969
-0.999969
-0.907806
0.697723
0.999969
0.999969
0.072662
-0.703430
-0.658112
-0.182098
0.021576
-0.239349
-0.459717
-0.070892
0.807220
0.999969
0.810425
-0.598755
-0.999969
-0.999969
-0.215302
0.999969
0.999969
0.982544
-0.540527
-0.999969
-0.999969
-0.133942
0.510925
0.442322
0.076508
0.051514
0.445343
0.670197
0.162781
-0.874146
-0.999969
-0.981415
0.507965
0.999969
0.999969
0.356964
-0.999969
-0.999969
-0.999969
0.390350
0.999969
0.965820
0.164398
-0.331238
-0.215546
0.057983
-0.092102
-0.631348
-0.883514
-0.279572
0.906189
0.999969
0.999969
-0.395355
-0.999969
-0.999969
-0.489838
0.999969
0.999969
0.999969
-0.253296
-0.999969
-0.813324
-0.162109
0.170135
-0.015686
-0.217529
0.099304
0.792236
0.999969
0.416595
-0.903687
-0.999969
-0.999969
0.266357
0.999969
0.999969
0.607788
-0.971008
-0.999969
-0.999969
0.135040
0.804962
0.634094
0.126312
-0.032654
0.244690
0.397369
-0.073547
-0.923859
-0.999969
-0.568359
0.868195
0.999969
0.999969
-0.126984
-0.999969
-0.999969
-0.705231
0.805664
0.999969
0.961517
-0.040497
-0.597717
-0.433044
-0.057526
-0.077087
-0.464874
-0.591919
0.016418
0.999969
0.999969
0.728851
-0.802399
-0.999969
-0.999969
-0.016449
0.999969
0.999969
0.777283
-0.641083
-0.999969
-0.869904
-0.026276
0.397736
0.215698
-0.042603
0.156006
0.669983
0.795074
0.069305
-0.999969
-0.999969
-0.891632
0.710083
0.999969
0.999969
0.157440
-0.999969
-0.999969
-0.819916
0.483765
0.999969
0.745453
0.062256
-0.211243
0.011719
0.171143
-0.202087
-0.854279
-0.999969
-0.179840
0.999969
0.999969
0.999969
-0.595947
-0.999969
-0.999969
-0.289551
0.999969
0.999969
0.830231
-0.339844
-0.883484
-0.591064
-0.065582
0.043915
-0.242645
-0.324249
0.214600
0.999969
0.999969
0.310394
-0.999969
-0.999969
-0.999969
0.465454
0.999969
0.999969
0.406738
-0.999969
-0.999969
-0.806366
0.214905
0.667725
0.410706
0.035614
0.099213
0.470490
0.497040
-0.193970
-0.999969
-0.999969
-0.455505
0.999969
0.999969
0.999969
-0.324615
-0.999969
-0.999969
-0.503387
0.873779
0.999969
0.747772
-0.113861
-0.453400
-0.209290
0.027130
-0.214111
-0.688599
-0.683960
0.141907
0.999969
0.999969
0.609070
-0.999969
-0.999969
-0.999969
0.179840
0.999969
0.999969
0.574707
-0.700928
-0.999969
-0.655029
0.040710
0.247040
-0.007538
-0.120880
0.297729
0.890808
0.878815
-0.061249
-0.999969
-0.999969
-0.764740
0.907806
0.999969
0.999969
-0.037567
-0.999969
-0.999969
-0.616791
0.535675
0.936493
0.530029
0.001648
-0.054901
0.233551
0.242645
-0.348145
-0.999969
-0.999969
-0.044128
0.999969
0.999969
0.915924
-0.790192
-0.999969
-0.999969
-0.095734
0.999969
0.999969
0.626740
-0.384125
-0.718658
-0.375763
-0.011353
-0.117371
-0.462219
-0.388519
0.364716
0.999969
0.999969
0.169434
-0.999969
-0.999969
-0.999969
0.656250
0.999969
0.999969
0.214050
-0.999969
-0.999969
-0.602814
0.251862
0.496399
0.196259
-0.012146
0.264862
0.686859
0.553589
-0.347931
-0.999969
-0.999969
-0.309143
0.999969
0.999969
0.999969
-0.512054
-0.999969
-0.999969
-0.311859
0.898346
0.999969
0.544556
-0.143738
-0.276367
0.003510
0.068237
-0.383514
-0.900940
-0.732239
0.299591
0.999969
0.999969
0.457153
-0.999969
-0.999969
-0.999969
0.363983
0.999969
0.999969
0.384369
-0.716736
-0.962250
-0.452667
0.063690
0.065125
-0.217865
-0.155060
0.470398
0.999969
0.918304
-0.222595
-0.999969
-0.999969
-0.607086
0.999969
0.999969
0.999969
-0.218597
-0.999969
-0.999969
-0.427765
0.543121
0.748840
0.329041
-0.014587
0.131165
0.440552
0.269623
-0.523651
-0.999969
-0.999969
0.120880
0.999969
0.999969
0.752411
-0.968658
-0.999969
-0.999969
0.082245
0.999969
0.999969
0.439240
-0.383636
-0.525269
-0.176788
-0.001862
-0.306824
-0.665039
-0.407898
0.542725
0.999969
0.999969
0.000702
-0.999969
-0.999969
-0.886719
0.829468
0.999969
0.999969
0.039062
-0.999969
-0.999969
-0.417145
0.243805
0.298126
0.000000
-0.014923
0.457031
0.884613
0.564972
-0.528198
-0.999969
-0.999969
-0.136597
0.999969
0.999969
0.999969
-0.680115
-0.999969
-0.999969
-0.139801
0.877563
0.959808
0.361023
-0.128418
-0.074097
0.196289
0.064178
-0.577789
-0.999969
-0.735168
0.481964
0.999969
0.999969
0.280670
-0.999969
-0.999969
-0.999969
0.527039
0.999969
0.999969
0.215271
-0.687134
-0.757141
-0.271729
0.041412
-0.140350
-0.406372
-0.143982
0.666229
0.999969
0.912323
-0.406952
-0.999969
-0.999969
-0.426544
0.999969
0.999969
0.999969
-0.376770
-0.999969
-0.999969
-0.261719
0.505188
0.538940
0.151245
0.014465
0.338989
0.623962
0.251312
-0.720612
-0.999969
-0.999969
0.307159
0.999969
0.999969
0.567688
-0.999969
-0.999969
-0.999969
0.235718
0.999969
0.999969
0.276398
-0.337860
-0.311462
-0.002747
-0.037537
-0.516266
-0.842499
-0.382080
0.740417
0.999969
0.999969
-0.187561
-0.999969
-0.999969
-0.697723
0.976593
0.999969
0.999969
-0.109833
-0.999969
-0.929016
-0.257721
0.190643
0.081299
-0.169647
0.027344
0.667328
0.999969
0.531281
-0.726349
-0.999969
-0.999969
0.053680
0.999969
0.999969
0.810699
-0.820496
-0.999969
-0.999969
0.004547
0.811829
0.743164
0.205383
-0.068298
0.144867
0.360840
0.015320
-0.788361
-0.999969
-0.693268
0.680359
0.999969
0.999969
0.088287
-0.999969
-0.999969
-0.901215
0.660919
0.999969
0.999969
0.075409
-0.612885
-0.536835
-0.120270
-0.025330
-0.360565
-0.565063
-0.088470
0.876465
0.999969
0.861847
-0.605469
-0.999969
-0.999969
-0.231934
0.999969
0.999969
0.964661
-0.504333
-0.999969
-0.999969
-0.126373
0.423065
0.315796
0.004425
0.087555
0.559662
0.776031
0.188965
-0.930054
-0.999969
-0.999969
0.505768
0.999969
0.999969
0.370758
-0.999969
-0.999969
-0.997314
0.357117
0.999969
0.870575
0.145691
-0.248413
-0.086365
0.138916
-0.116730
-0.736572
-0.987213
-0.312683
0.948669
0.999969
0.999969
-0.386200
-0.999969
-0.999969
-0.498444
0.999969
0.999969
0.996613
-0.225281
-0.913361
-0.707092
-0.131866
0.094421
-0.144836
-0.305481
0.112549
0.886566
0.999969
0.454620
-0.933105
-0.999969
-0.999969
0.252441
0.999969
0.999969
0.609009
-0.926239
-0.999969
-0.961090
0.114227
0.703400
0.518738
0.084595
0.034210
0.371185
0.490234
-0.075806
-0.999969
-0.999969
-0.609009
0.885406
0.999969
0.999969
-0.110657
-0.999969
-0.999969
-0.697174
0.758881
0.999969
0.890564
-0.028534
-0.496765
-0.310730
-0.004883
-0.133728
-0.586121
-0.687347
0.008606
0.999969
0.999969
0.769745
-0.808685
-0.999969
-0.999969
-0.032715
0.999969
0.999969
0.758331
-0.594818
-0.999969
-0.786041
-0.028137
0.299896
0.088867
-0.105133
0.201447
0.783630
0.890503
0.085876
-0.999969
-0.999969
-0.930267
0.707092
0.999969
0.999969
0.171204
-0.999969
-0.999969
-0.788879
0.440399
0.988617
0.649750
0.053192
-0.118835
0.140472
0.242157
-0.235870
-0.958160
-0.999969
-0.203430
0.999969
0.999969
0.999969
-0.585632
-0.999969
-0.999969
-0.298462
0.999969
0.999969
0.786316
-0.301605
-0.773926
-0.485016
-0.045197
-0.040955
-0.370697
-0.401886
0.236664
0.999969
0.999969
0.339020
-0.999969
-0.999969
-0.999969
0.450012
0.999969
0.999969
0.408630
-0.991852
-0.999969
-0.749329
0.183777
0.556641
0.296204
0.003967
0.174805
0.595123
0.579224
-0.204834
-0.999969
-0.999969
-0.486908
0.999969
0.999969
0.999969
-0.306458
-0.999969
-0.999969
-0.496368
0.815857
0.999969
0.677734
-0.091492
-0.343414
-0.088531
0.069427
-0.279053
-0.807312
-0.768311
0.142456
0.999969
0.999969
0.640869
-0.999969
-0.999969
-0.999969
0.161407
0.999969
0.999969
0.557220
-0.643524
-0.999969
-0.572662
0.028351
0.140717
-0.132111
-0.172791
0.351074
0.999969
0.962830
-0.052826
-0.999969
-0.999969
-0.794403
0.901459
0.999969
0.999969
-0.021332
-0.999969
-0.999969
-0.587646
0.481201
0.822174
0.436432
0.003143
0.045441
0.359344
0.302765
-0.389435
-0.999969
-0.999969
-0.059814
0.999969
0.999969
0.941040
-0.776184
-0.999969
-0.999969
-0.107483
0.999969
0.999969
0.585205
-0.334808
-0.600739
-0.272461
-0.001648
-0.209686
-0.586578
-0.454987
0.393951
0.999969
0.999969
0.190399
-0.999969
-0.999969
-0.999969
0.636810
0.999969
0.999969
0.219147
-0.999969
-0.999969
-0.548645
0.209686
0.377563
0.085144
-0.032959
0.347351
0.807159
0.624329
-0.365631
-0.999969
-0.999969
-0.333099
0.999969
0.999969
0.999969
-0.489563
-0.999969
-0.999969
-0.308380
0.828644
0.999969
0.477905
-0.110352
-0.159241
0.120209
0.099548
-0.454895
-0.999969
-0.804871
0.306641
0.999969
0.999969
0.481720
-0.999969
-0.999969
-0.999969
0.340942
0.999969
0.999969
0.370819
-0.647675
-0.846527
-0.374207
0.040314
-0.047760
-0.337708
-0.195831
0.529694
0.999969
0.990356
-0.220367
-0.999969
-0.999969
-0.629761
0.999969
0.999969
0.999969
-0.197418
-0.999969
-0.999969
-0.402954
0.477112
0.627563
0.239960
-0.002045
0.237488
0.560974
0.318420
-0.570465
-0.999969
-0.999969
0.111084
0.999969
0.999969
0.770752
-0.948608
-0.999969
-0.999969
0.065277
0.999969
0.999969
0.402466
-0.322906
-0.401062
-0.078583
-0.003174
-0.404510
-0.783325
-0.462921
0.577057
0.999969
0.999969
0.016052
-0.999969
-0.999969
-0.898438
0.803680
0.999969
0.999969
0.049652
-0.990204
-0.999969
-0.368164
0.190369
0.173645
-0.105377
-0.024658
0.544342
0.998199
0.624084
-0.550598
-0.999969
-0.999969
-0.155212
0.999969
0.999969
0.999969
-0.651031
-0.999969
-0.999969
-0.142151
0.795990
0.846100
0.300049
-0.083893
0.048004
0.306671
0.084381
-0.653412
-0.999969
-0.796051
0.493317
0.999969
0.999969
0.300171
-0.999969
-0.999969
-0.999969
0.497162
0.999969
0.999969
0.207855
-0.606415
-0.636108
-0.199463
0.007019
-0.257538
-0.519257
-0.173645
0.729279
0.999969
0.972473
-0.408661
-0.999969
-0.999969
-0.444458
0.999969
0.999969
0.999969
-0.348541
-0.999969
-0.999969
-0.243408
0.427765
0.413055
0.068848
0.037872
0.448975
0.736786
0.288940
-0.770660
-0.999969
-0.999969
0.300995
0.999969
0.999969
0.581573
-0.999969
-0.999969
-0.999969
0.211426
0.999969
0.991760
0.246490
-0.265991
-0.183319
0.088226
-0.049652
-0.616974
-0.952667
-0.425842
0.777527
0.999969
0.999969
-0.175507
-0.999969
-0.999969
-0.705292
0.942413
0.999969
0.999969
-0.091675
-0.921722
-0.820648
-0.216003
0.126282
-0.046417
-0.267273
0.028290
0.757080
0.999969
0.579102
-0.751038
-0.999969
-0.999969
0.038055
0.999969
0.999969
0.809845
-0.782837
-0.999969
-0.999969
-0.005585
0.718781
0.625916
0.152069
-0.013092
0.269531
0.462891
0.024902
-0.865814
-0.999969
-0.742798
0.693604
0.999969
0.999969
0.105133
-0.999969
-0.999969
-0.890106
0.622253
0.999969
0.999969
0.076080
-0.521057
-0.412964
-0.056091
-0.070160
-0.479645
-0.669098
-0.107544
0.940796
0.999969
0.910614
-0.608704
-0.999969
-0.999969
-0.247528
0.999969
0.999969
0.941833
-0.467163
-0.999969
-0.916992
-0.116394
0.334900
0.187775
-0.069458
0.121185
0.670807
0.879486
0.216064
-0.980835
-0.999969
-0.999969
0.500702
0.999969
0.999969
0.382660
-0.999969
-0.999969
-0.961670
0.323792
0.999969
0.770782
0.124390
-0.166138
0.043182
0.220886
-0.138885
-0.837799
-0.999969
-0.346008
0.986023
0.999969
0.999969
-0.374939
-0.999969
-0.999969
-0.504395
0.999969
0.999969
0.947540
-0.197906
-0.810791
-0.597076
-0.099030
0.020020
-0.273254
-0.393677
0.123322
0.976196
0.999969
0.492035
-0.957581
-0.999969
-0.999969
0.237244
0.999969
0.999969
0.606903
-0.878387
-0.999969
-0.898468
0.094666
0.599915
0.400543
0.040527
0.099121
0.495789
0.582397
-0.075867
-0.999969
-0.999969
-0.648224
0.898010
0.999969
0.999969
-0.093933
-0.999969
-0.999969
-0.685211
0.709991
0.999969
0.814697
-0.018311
-0.394897
-0.186584
0.049713
-0.187927
-0.704468
-0.781036
-0.000977
0.999969
0.999969
0.808258
-0.810852
-0.999969
-0.999969
-0.048553
0.999969
0.999969
0.735046
-0.547333
-0.999969
-0.697723
-0.027893
0.202118
-0.038696
-0.169067
0.244141
0.893372
0.983185
0.103638
-0.999969
-0.999969
-0.965576
0.700623
0.999969
0.999969
0.183685
-0.999969
-0.999969
-0.753265
0.396667
0.879578
0.550201
0.041809
-0.027435
0.268860
0.313843
-0.266754
-0.999969
-0.999969
-0.227570
0.999969
0.999969
0.999969
-0.572601
-0.999969
-0.999969
-0.305359
0.999969
0.999969
0.737793
-0.263794
-0.661804
-0.375946
-0.022522
-0.124023
-0.497192
-0.479431
0.255920
0.999969
0.999969
0.367401
-0.999969
-0.999969
-0.999969
0.432709
0.999969
0.999969
0.407837
-0.932709
-0.999969
-0.687714
0.153717
0.444092
0.179596
-0.029724
0.247955
0.717163
0.660370
-0.213104
-0.999969
-0.999969
-0.517212
0.999969
0.999969
0.999969
-0.287262
-0.999969
-0.999969
-0.486115
0.755676
0.999969
0.603455
-0.070709
-0.233063
0.033325
0.113434
-0.341064
-0.922363
-0.850647
0.140808
0.999969
0.999969
0.670654
-0.999969
-0.999969
-0.999969
0.142792
0.999969
0.999969
0.536072
-0.584778
-0.922882
-0.486511
0.017944
0.035004
-0.256683
-0.225891
0.401184
0.999969
0.999969
-0.042755
-0.999969
-0.999969
-0.821198
0.891052
0.999969
0.999969
-0.005737
-0.999969
-0.999969
-0.554596
0.426270
0.704742
0.339691
0.002533
0.144257
0.484039
0.363373
-0.427368
-0.999969
-0.999969
-0.076508
0.999969
0.999969
0.962402
-0.758881
-0.999969
-0.999969
-0.117798
0.999969
0.999969
0.539703
-0.285828
-0.480865
-0.166809
0.010162
-0.299652
-0.708710
-0.521179
0.419861
0.999969
0.999969
0.211548
-0.999969
-0.999969
-0.999969
0.614899
0.999969
0.999969
0.222107
-0.942657
-0.999969
-0.490570
0.168518
0.257874
-0.027374
-0.055695
0.426880
0.924103
0.693878
-0.380188
-0.999969
-0.999969
-0.356415
0.999969
0.999969
0.999969
-0.465515
-0.999969
-0.999969
-0.302246
0.756653
0.939301
0.407684
-0.078491
-0.042358
0.237335
0.132446
-0.522766
-0.999969
-0.875366
0.311005
0.999969
0.999969
0.504761
-0.999969
-0.999969
-0.999969
0.317200
0.999969
0.999969
0.354187
-0.577271
-0.727295
-0.292664
0.018860
-0.159393
-0.456909
-0.237701
0.585205
0.999969
0.999969
-0.215973
-0.999969
-0.999969
-0.650055
0.999969
0.999969
0.999969
-0.176392
-0.999969
-0.999969
-0.374817
0.410675
0.503876
0.148376
0.008362
0.341614
0.679596
0.367676
-0.613342
-0.999969
-0.999969
0.099792
0.999969
0.999969
0.785889
-0.924713
-0.999969
-0.999969
0.049225
0.999969
0.999969
0.362274
-0.262604
-0.275574
0.021301
-0.002380
-0.499207
-0.898773
-0.517578
0.607513
0.999969
0.999969
0.032104
-0.999969
-0.999969
-0.906158
0.774933
0.999969
0.999969
0.058624
-0.907135
-0.928070
-0.315857
0.138031
0.049011
-0.211578
-0.036377
0.628021
0.999969
0.681976
-0.569275
-0.999969
-0.999969
-0.173706
0.999969
0.999969
0.999969
-0.619873
-0.999969
-0.999969
-0.142365
0.712280
0.728546
0.236084
-0.041016
0.169189
0.416809
0.106232
-0.724915
-0.999969
-0.854736
0.501404
0.999969
0.999969
0.318695
-0.999969
-0.999969
-0.999969
0.466064
0.999969
0.999969
0.197876
-0.524536
-0.512299
-0.124664
-0.025299
-0.372803
-0.630890
-0.204437
0.787872
0.999969
0.999969
-0.407654
-0.999969
-0.999969
-0.460541
0.999969
0.999969
0.999969
-0.319946
-0.999969
-0.999969
-0.222260
0.350128
0.285461
-0.015442
0.059052
0.556061
0.847290
0.327057
-0.816101
-0.999969
-0.999969
0.292755
0.999969
0.999969
0.592834
-0.999969
-0.999969
-0.999969
0.187622
0.999969
0.889404
0.213654
-0.194733
-0.054626
0.180359
-0.059479
-0.713989
-0.999969
-0.469360
0.810089
0.999969
