0.000000
0.999969
0.999969
0.574066
-0.548981
-0.667236
-0.140015
-0.034821
-0.657532
-0.999969
-0.425476
0.999969
0.999969
0.999969
-0.451141
-0.999969
-0.999969
-0.163635
0.397736
0.097656
-0.206482
0.298798
0.999969
0.999969
0.075439
-0.999969
-0.999969
-0.799744
0.761902
0.999969
0.699799
-0.037933
0.000000
0.458679
0.296265
-0.752747
-0.999969
-0.999969
0.389832
0.999969
0.999969
0.320190
-0.830780
-0.853668
-0.219818
-0.030518
-0.547302
-0.863098
-0.115387
0.999969
0.999969
0.921509
-0.826813
-0.999969
-0.999969
0.044434
0.623383
0.280701
-0.069153
0.354523
0.999969
0.999969
-0.274536
-0.999969
-0.999969
-0.463989
0.999969
0.999969
0.662933
-0.183136
-0.181976
0.252655
0.093536
-0.848022
-0.999969
-0.898834
0.753479
0.999969
0.999969
0.006073
-0.999969
-0.994965
-0.226807
0.048187
-0.386200
-0.612885
0.146149
0.999969
0.999969
0.551178
-0.999969
-0.999969
-0.999969
0.311981
0.860138
0.428101
0.000000
0.331665
0.938507
0.714752
-0.575562
-0.999969
-0.999969
-0.087769
0.999969
0.999969
0.542908
-0.389099
-0.383606
0.073059
-0.043274
-0.859131
-0.999969
-0.544800
0.999969
0.999969
0.999969
-0.347839
-0.999969
-0.999969
-0.155212
0.191376
-0.195740
-0.381561
0.341705
0.999969
0.999969
0.165131
-0.999969
-0.999969
-0.819214
0.619873
0.999969
0.519653
-0.006622
0.238434
0.732910
0.424164
-0.808807
-0.999969
-0.999969
0.303955
0.999969
0.999969
0.343079
-0.638123
-0.580505
-0.058838
-0.104736
-0.792664
-0.999969
-0.201965
0.999969
0.999969
0.995605
-0.717194
-0.999969
-0.999969
-0.006653
0.382904
0.000000
-0.191406
0.460022
0.999969
0.999969
-0.210297
-0.999969
-0.999969
-0.521057
0.944702
0.999969
0.540131
-0.089294
0.089386
0.512421
0.170807
-0.961578
-0.999969
-0.999969
0.684753
0.999969
0.999969
0.074036
-0.908051
-0.748444
-0.126495
-0.088593
-0.661987
-0.829987
0.105225
0.999969
0.999969
0.641876
-0.999969
-0.999969
-0.982147
0.209900
0.601868
0.176636
-0.060516
0.497040
0.999969
0.879974
-0.549896
-0.999969
-0.999969
-0.169617
0.999969
0.999969
0.480743
-0.240967
-0.095581
0.301788
-0.025848
-0.999969
-0.999969
-0.663971
0.999969
0.999969
0.999969
-0.247223
-0.999969
-0.865509
-0.119568
0.000000
-0.485931
-0.567841
0.355927
0.999969
0.999969
0.257202
-0.999969
-0.999969
-0.808472
0.479065
0.824341
0.311646
-0.001038
0.456207
0.996765
0.561646
-0.831696
-0.999969
-0.999969
0.212189
0.999969
0.999969
0.339996
-0.447906
-0.293304
0.124359
-0.151886
-0.999969
-0.999969
-0.299164
0.999969
0.999969
0.999969
-0.598755
-0.999969
-0.914032
-0.034637
0.148956
-0.287201
-0.332367
0.534607
0.999969
0.999969
-0.132385
-0.999969
-0.999969
-0.556274
0.780121
0.999969
0.386322
-0.018188
0.347931
0.771820
0.266052
-0.999969
-0.999969
-0.999969
0.598663
0.999969
0.999969
0.123779
-0.690796
-0.479248
0.000000
-0.200134
-0.917572
-0.999969
0.044403
0.999969
0.999969
0.717407
-0.955505
-0.999969
-0.882233
0.124146
0.340424
-0.090240
-0.144806
0.632416
0.999969
0.999969
-0.500641
-0.999969
-0.999969
-0.239960
0.999969
0.999969
0.387512
-0.109833
0.188782
0.539581
0.015717
-0.999969
-0.999969
-0.776764
0.963470
0.999969
0.999969
-0.155090
-0.946472
-0.629791
-0.056610
-0.170898
-0.764893
-0.759033
0.343170
0.999969
0.999969
0.345764
-0.999969
-0.999969
-0.765228
0.345612
0.552277
0.080933
-0.021454
0.647797
0.999969
0.702728
-0.823273
-0.999969
-0.999969
0.120453
0.999969
0.999969
0.308868
-0.266632
0.000000
0.324646
-0.171570
-0.999969
-0.999969
-0.401398
0.999969
0.999969
0.999969
-0.477753
-0.999969
-0.724304
-0.037323
-0.071655
-0.572906
-0.487183
0.577911
0.999969
0.999969
-0.046265
-0.999969
-0.999969
-0.565735
0.612488
0.760193
0.204803
0.027771
0.586670
0.999969
0.374725
-0.999969
-0.999969
-0.999969
0.500885
0.999969
0.999969
0.151367
-0.472839
-0.194580
0.149475
-0.283966
-0.999969
-0.999969
-0.031952
0.999969
0.999969
0.772461
-0.821075
-0.999969
-0.747009
0.058716
0.083405
-0.365204
-0.249817
0.735229
0.999969
0.999969
-0.432312
-0.999969
-0.999969
-0.293610
0.902740
0.939667
0.264404
0.000000
0.461761
0.779327
0.078552
-0.999969
-0.999969
-0.877014
0.875214
0.999969
0.999969
-0.076691
-0.707794
-0.370514
0.032471
-0.316833
-0.999969
-0.948456
0.306213
0.999969
0.999969
0.424896
-0.999969
-0.999969
-0.688477
0.225037
0.274872
-0.166412
-0.066833
0.808777
0.999969
0.841187
-0.786530
-0.999969
-0.999969
0.034637
0.999969
0.999969
0.248779
-0.100189
0.291351
0.536041
-0.164612
-0.999969
-0.999969
-0.502716
0.999969
0.999969
0.999969
-0.360291
-0.947571
-0.504974
-0.013702
-0.272827
-0.849121
-0.650116
0.590759
0.999969
0.999969
0.042206
-0.999969
-0.999969
-0.546448
0.448334
0.479706
0.000000
0.047455
0.799561
0.999969
0.491455
-0.999969
-0.999969
-0.999969
0.397400
0.999969
0.999969
0.153961
-0.261230
0.097839
0.317596
-0.338776
-0.999969
-0.999969
-0.118683
0.999969
0.999969
0.802368
-0.679047
-0.999969
-0.578827
0.016693
-0.161865
-0.640533
-0.371429
0.804321
0.999969
0.999969
-0.350037
-0.999969
-0.999969
-0.326111
0.709595
0.673309
0.113861
0.085297
0.715942
0.999969
0.158783
-0.999969
-0.999969
-0.958893
0.769714
0.999969
0.999969
-0.016541
-0.465637
-0.094452
0.145325
-0.434418
-0.999969
-0.999969
0.248840
0.999969
0.999969
0.489044
-0.999969
-0.999969
-0.578400
0.122131
0.000000
-0.423523
-0.135040
0.935791
0.999969
0.970612
-0.725403
-0.999969
-0.999969
-0.039734
0.985779
0.831848
0.160004
0.046356
0.572754
0.751984
-0.133087
-0.999969
-0.999969
-0.597107
0.999969
0.999969
0.997559
-0.252106
-0.691467
-0.261414
0.035980
-0.449310
-0.999969
-0.815033
0.575256
0.999969
0.999969
0.127136
-0.999969
-0.999969
-0.496643
0.293793
0.191925
-0.222626
0.040863
0.981384
0.999969
0.610413
-0.999969
-0.999969
-0.999969
0.294250
0.999969
0.934235
0.129761
-0.062408
0.389954
0.499054
-0.364471
-0.999969
-0.999969
-0.210144
0.999969
0.999969
0.803406
-0.535828
-0.914429
-0.381256
0.000000
-0.388733
-0.908356
-0.504700
0.839722
0.999969
0.999969
-0.259491
-0.999969
-0.999969
-0.333832
0.516357
0.390167
-0.060486
0.143921
0.944733
0.999969
0.251709
-0.999969
-0.999969
-0.999969
0.652985
0.999969
0.964111
0.021637
-0.227356
0.190857
0.278473
-0.521454
-0.999969
-0.999969
0.175751
0.999969
0.999969
0.533173
-0.845886
-0.999969
-0.436554
0.040802
-0.264679
-0.683014
-0.222778
0.999969
0.999969
0.999969
-0.644806
-0.999969
-0.999969
-0.097656
0.769379
0.570190
0.044159
0.168884
0.836548
0.965424
-0.080078
-0.999969
-0.999969
-0.678589
0.999969
0.999969
0.911285
-0.158447
-0.429382
0.000000
0.110291
-0.596924
-0.999969
-0.975311
0.534576
0.999969
0.999969
0.202759
-0.999969
-0.999969
-0.415771
0.154388
-0.095093
-0.456757
0.009277
0.999969
0.999969
0.725433
-0.999969
-0.999969
-0.999969
0.197388
0.999969
0.708923
0.078217
0.117828
0.673706
0.687866
-0.362305
-0.999969
-0.999969
-0.300446
0.999969
0.999969
0.772766
-0.397644
-0.645599
-0.159027
0.009338
-0.591248
-0.999969
-0.643921
0.842834
0.999969
0.999969
-0.166626
-0.999969
-0.999969
-0.314270
0.329712
0.097992
-0.253845
0.175049
0.999969
0.999969
0.351929
-0.999969
-0.999969
-0.999969
0.531219
0.999969
0.786743
0.035278
0.000000
0.477600
0.427338
-0.577087
-0.999969
-0.999969
0.092194
0.999969
0.999969
0.553040
-0.677307
-0.851379
-0.265747
-0.016144
-0.511993
-0.937256
-0.325806
0.999969
0.999969
0.999969
-0.550201
-0.999969
-0.999969
-0.134918
0.549622
0.290375
-0.095917
0.264435
0.999969
0.999969
-0.009705
-0.999969
-0.999969
-0.741699
0.879883
0.999969
0.789368
-0.083649
-0.168976
0.272217
0.206573
-0.712708
-0.999969
-0.999969
0.472870
0.999969
0.999969
0.263702
-0.974518
-0.999969
-0.304504
0.034790
-0.373444
-0.695496
-0.044830
0.999969
0.999969
0.830353
-0.921631
-0.999969
-0.999969
0.112213
0.792419
0.457794
0.000000
0.274567
0.941284
0.877472
-0.334656
-0.999969
-0.999969
-0.383667
0.999969
0.999969
0.709015
-0.270294
-0.368530
0.082092
0.044189
-0.764526
-0.999969
-0.782990
0.816223
0.999969
0.999969
-0.077362
-0.999969
-0.999969
-0.266022
0.155792
-0.195129
-0.460632
0.178986
0.999969
0.999969
0.453613
-0.999969
-0.999969
-0.999969
0.410645
0.999969
0.578186
0.022888
0.210022
0.757721
0.586609
-0.601685
-0.999969
-0.999969
0.003937
0.999969
0.999969
0.545288
-0.509766
-0.575073
-0.069946
-0.047089
-0.735504
-0.999969
-0.439056
0.999969
0.999969
0.999969
-0.447479
-0.999969
-0.999969
-0.148224
0.333618
0.000000
-0.256348
0.331177
0.999969
0.999969
0.073181
-0.999969
-0.999969
-0.781464
0.738800
0.999969
0.633575
-0.031219
0.082306
0.547607
0.321167
-0.794891
-0.999969
-0.999969
0.395081
0.999969
0.999969
0.305176
-0.781891
-0.763977
-0.164856
-0.061310
-0.635620
-0.931549
-0.118011
0.999969
0.999969
0.919128
-0.821198
-0.999969
-0.999969
0.043610
0.549561
0.187408
-0.102966
0.403992
0.999969
0.999969
-0.284912
-0.999969
-0.999969
-0.454071
0.999969
0.999969
0.611847
-0.158905
-0.091156
0.335510
0.102844
-0.904846
-0.999969
-0.915466
0.763519
0.999969
0.999969
0.002625
-0.999969
-0.911835
-0.188965
0.000000
-0.481110
-0.674438
0.157349
0.999969
0.999969
0.550781
-0.999969
-0.999969
-0.999969
0.297150
0.780853
0.343384
-0.015778
0.397095
0.999969
0.750244
-0.596893
-0.999969
-0.999969
-0.083160
0.999969
0.999969
0.507690
-0.349609
-0.288605
0.145721
-0.051544
-0.929626
-0.999969
-0.556885
0.999969
0.999969
0.999969
-0.342743
-0.999969
-0.998566
-0.135345
0.128113
-0.292999
-0.432159
0.368591
0.999969
0.999969
0.163116
-0.999969
-0.999969
-0.793732
0.594086
0.999969
0.447021
-0.003510
0.317444
0.818359
0.449402
-0.843079
-0.999969
-0.999969
0.306732
0.999969
0.999969
0.323273
-0.586548
-0.485901
0.000000
-0.131348
-0.874634
-0.999969
-0.205811
0.999969
0.999969
0.986237
-0.707092
-0.999969
-0.999969
-0.004364
0.307922
-0.095001
-0.227631
0.503448
0.999969
0.999969
-0.217468
-0.999969
-0.999969
-0.506439
0.911652
0.999969
0.482269
-0.067719
0.178711
0.594086
0.182434
-0.999969
-0.999969
-0.999969
0.689270
0.999969
0.999969
0.068054
-0.848297
-0.658600
-0.084167
-0.133118
-0.752228
-0.888367
0.112823
0.999969
0.999969
0.637390
-0.999969
-0.999969
-0.935211
0.196228
0.519135
0.088348
-0.079712
0.556610
0.999969
0.911774
-0.565460
-0.999969
-0.999969
-0.163208
0.999969
0.999969
0.439178
-0.202576
0.000000
0.375275
-0.030365
-0.999969
-0.999969
-0.673218
0.999969
0.999969
0.999969
-0.241943
-0.999969
-0.784363
-0.095245
-0.060791
-0.580505
-0.617645
0.377441
0.999969
0.999969
0.254242
-0.999969
-0.999969
-0.775452
0.452026
0.738220
0.234039
-0.001678
0.530273
0.999969
0.585846
-0.858185
-0.999969
-0.999969
0.213654
0.999969
0.999969
0.315002
-0.395386
-0.195953
0.185730
-0.173981
-0.999969
-0.999969
-0.303131
0.999969
0.999969
0.999969
-0.585510
-0.999969
-0.844666
-0.028717
0.074707
-0.381683
-0.369843
0.571564
0.999969
0.999969
-0.137390
-0.999969
-0.999969
-0.536163
0.743103
0.940460
0.322662
0.000000
0.433746
0.850189
0.279083
-0.999969
-0.999969
-0.999969
0.598755
0.999969
0.999969
0.114441
-0.627686
-0.384674
0.046021
-0.240143
-0.999969
-0.999969
0.049164
0.999969
0.999969
0.707733
-0.937958
-0.999969
-0.826721
0.112610
0.256317
-0.180084
-0.166779
0.685120
0.999969
0.999969
-0.511169
-0.999969
-0.999969
-0.230682
0.999969
0.999969
0.339996
-0.073730
0.282776
0.612030
0.014496
-0.999969
-0.999969
-0.781830
0.965759
0.999969
0.999969
-0.150757
-0.876862
-0.542267
-0.028168
-0.227844
-0.854645
-0.806427
0.359650
0.999969
0.999969
0.340637
-0.999969
-0.999969
-0.724548
0.318665
0.462585
0.000000
-0.025757
0.715454
0.999969
0.724518
-0.842346
-0.999969
-0.999969
0.121796
0.999969
0.999969
0.278564
-0.214722
0.097870
0.386993
-0.189087
-0.999969
-0.999969
-0.404266
0.999969
0.999969
0.999969
-0.462708
-0.999969
-0.647491
-0.027496
-0.143433
-0.664673
-0.524536
0.608215
0.999969
0.999969
-0.050262
-0.999969
-0.999969
