0.000000
0.999969
0.999969
0.638397
-0.336060
-0.346893
0.158539
0.077362
-0.848083
-0.999969
-0.999969
0.553558
0.999969
0.999969
0.310455
-0.646454
-0.533691
0.009705
-0.098022
-0.929504
-0.999969
-0.564453
0.999969
0.999969
0.999969
-0.108673
-0.966248
-0.676270
-0.066101
-0.173096
-0.890503
-0.999969
-0.064636
0.999969
0.999969
0.971558
-0.577728
-0.999969
-0.737000
-0.047943
-0.147705
-0.754974
-0.735748
0.390778
0.999969
0.999969
0.485474
-0.999969
-0.999969
-0.688812
0.069183
-0.038147
-0.558899
-0.381622
0.757141
0.999969
0.999969
-0.061615
-0.999969
-0.999969
-0.519745
0.273529
0.125580
-0.344910
-0.070923
0.999969
0.999969
0.999969
-0.614746
-0.999969
-0.999969
-0.235168
0.537933
0.304291
-0.155914
0.160370
0.999969
0.999969
0.536835
-0.999969
-0.999969
-0.999969
0.142242
0.823547
0.455658
-0.028687
0.290314
0.999969
0.999969
0.012177
-0.999969
-0.999969
-0.881104
0.575134
0.999969
0.540405
0.011353
0.313599
0.964447
0.805023
-0.473633
-0.999969
-0.999969
-0.413055
0.999969
0.999969
0.528564
-0.046082
0.241852
0.758148
0.410126
-0.872955
-0.999969
-0.999969
0.120605
0.999969
0.999969
0.403992
-0.194427
0.101440
0.518036
0.050629
-0.999969
-0.999969
-0.999969
0.666473
0.999969
0.999969
0.167297
-0.411377
-0.070618
0.288574
-0.233459
-0.999969
-0.999969
-0.496735
0.999969
0.999969
0.999969
-0.163605
-0.661682
-0.232391
0.109619
-0.415497
-0.999969
-0.999969
0.046448
0.999969
0.999969
0.782776
-0.555481
-0.902405
-0.343384
0.011017
-0.485077
-0.999969
-0.853973
0.556366
0.999969
0.999969
0.339081
-0.963715
-0.999969
-0.370636
0.008087
-0.449158
-0.941498
-0.422028
0.982880
0.999969
0.999969
-0.174438
-0.999969
-0.999969
-0.293884
0.099731
-0.330414
-0.675293
-0.017700
0.999969
0.999969
0.972321
-0.706360
-0.999969
-0.999969
-0.108917
0.268463
-0.163513
-0.405701
0.315399
0.999969
0.999969
0.446259
-0.999969
-0.999969
-0.981262
0.171326
0.483032
0.010315
-0.175537
0.545990
0.999969
0.999969
-0.108734
-0.999969
-0.999969
-0.679413
0.518066
0.702881
0.149384
-0.018738
0.658905
0.999969
0.882782
-0.636200
-0.999969
-0.999969
-0.266174
0.890167
0.884186
0.217987
0.044250
0.656464
0.999969
0.418152
-0.999969
-0.999969
-0.999969
0.220734
0.999969
0.986176
0.191803
0.009247
0.557465
0.814392
-0.026367
-0.999969
-0.999969
-0.912720
0.732300
0.999969
0.977234
0.061737
-0.111298
0.394135
0.505737
-0.403931
-0.999969
-0.999969
-0.387817
0.999969
0.999969
0.839935
-0.164398
-0.290222
0.206848
0.225616
-0.679016
-0.999969
-0.999969
0.172150
0.999969
0.999969
0.573975
-0.462555
-0.489746
0.038208
0.011902
-0.831818
-0.999969
-0.892029
0.710419
0.999969
0.999969
0.196960
-0.795441
-0.667053
-0.073517
-0.110016
-0.860046
-0.999969
-0.399719
0.999969
0.999969
0.999969
-0.257233
-0.999969
-0.780762
-0.100006
-0.130737
-0.778778
-0.933563
0.079742
0.999969
0.999969
0.841034
-0.742493
-0.999969
-0.796967
-0.027252
-0.057648
-0.617462
-0.587555
0.496613
0.999969
0.999969
0.323883
-0.999969
-0.999969
-0.694672
0.142151
0.086334
-0.415527
-0.259552
0.811615
0.999969
0.999969
-0.234039
-0.999969
-0.999969
-0.469299
0.389099
0.266388
-0.216217
0.008942
0.999969
0.999969
0.882843
-0.776276
-0.999969
-0.999969
-0.133850
0.680389
0.441010
-0.060242
0.187897
0.999969
0.999969
0.368347
-0.999969
-0.999969
-0.999969
0.282013
0.973297
0.568359
0.020264
0.262665
0.990509
0.999969
-0.140259
-0.999969
-0.999969
-0.759857
0.735443
0.999969
0.612396
0.006439
0.235626
0.829834
0.650482
-0.590851
-0.999969
-0.999969
-0.257080
0.999969
0.999969
0.548645
-0.104370
0.125336
0.612335
0.277405
-0.940643
-0.999969
-0.999969
0.291809
0.999969
0.999969
0.368103
-0.298248
-0.036499
0.381805
-0.042969
-0.999969
-0.999969
-0.856598
0.831268
0.999969
0.999969
0.079041
-0.546326
-0.209869
0.181061
-0.276184
-0.999969
-0.999969
-0.325928
0.999969
0.999969
0.999969
-0.293365
-0.808990
-0.352722
0.045959
-0.402588
-0.999969
-0.999969
0.205566
0.999969
0.999969
0.671906
-0.710052
-0.999969
-0.427032
0.000031
-0.419556
-0.999969
-0.694275
0.683838
0.999969
0.999969
0.190125
-0.999969
-0.999969
-0.404968
0.051300
-0.341248
-0.794220
-0.279724
0.999969
0.999969
0.999969
-0.342926
-0.999969
-0.999969
-0.272980
0.191040
-0.196136
-0.532379
0.088806
0.999969
0.999969
0.815125
-0.873016
-0.999969
-0.999969
-0.034546
0.394989
-0.022491
-0.287079
0.372772
0.999969
0.999969
0.274597
-0.999969
-0.999969
-0.934937
0.290009
0.626892
0.137573
-0.097534
0.547729
0.999969
0.999969
-0.273163
-0.999969
-0.999969
-0.579987
0.665649
0.843658
0.244324
0.008026
0.606140
0.999969
0.719177
-0.772797
-0.999969
-0.999969
-0.125549
0.999969
0.999969
0.266510
0.016388
0.557739
0.958374
0.267426
-0.999969
-0.999969
-0.999969
0.385040
0.999969
0.999969
0.186249
-0.068970
0.427643
0.665802
-0.144867
-0.999969
-0.999969
-0.760559
0.899384
0.999969
0.999969
0.001953
-0.228577
0.252197
0.376831
-0.475403
-0.999969
-0.999969
-0.216797
0.999969
0.999969
0.807251
-0.271027
-0.429749
0.073395
0.133881
-0.695190
-0.999969
-0.999969
0.340424
0.999969
0.999969
0.486938
-0.601990
-0.631470
-0.067474
-0.030396
-0.791962
-0.999969
-0.725891
0.854828
0.999969
0.999969
0.065918
-0.949005
-0.790588
-0.136017
-0.097656
-0.771027
-0.999969
-0.241882
0.999969
0.999969
0.999969
-0.415955
-0.999969
-0.867920
-0.109924
-0.066071
-0.654114
-0.780273
0.209137
0.999969
0.999969
0.695221
-0.908600
-0.999969
-0.834534
0.017426
0.049652
-0.475433
-0.449280
0.581451
0.999969
0.999969
0.155029
-0.999969
-0.999969
-0.676056
0.235870
0.220642
-0.276642
-0.154785
0.841858
0.999969
0.999969
-0.404663
-0.999969
-0.999969
-0.395538
0.519348
0.408264
-0.100403
0.066437
0.973511
0.999969
0.715485
-0.927246
-0.999969
-0.999969
-0.013550
0.829498
0.569916
0.015900
0.191040
0.977417
0.999969
0.204712
-0.999969
-0.999969
-0.999969
0.433777
0.999969
0.665375
0.045715
0.211914
0.871735
0.874573
-0.279419
-0.999969
-0.999969
-0.621704
0.899200
0.999969
0.662964
-0.022736
0.138947
0.688568
0.503876
-0.688202
-0.999969
-0.999969
-0.091888
0.999969
0.999969
0.544464
-0.184448
-0.002960
0.468903
0.160431
-0.984558
-0.999969
-0.999969
0.463318
0.999969
0.999969
0.308380
-0.418365
-0.177673
0.256531
-0.115112
-0.999969
-0.999969
-0.689484
0.987457
0.999969
0.999969
-0.029388
-0.689941
-0.343414
0.091675
-0.294617
-0.999969
-0.999969
-0.157898
0.999969
0.999969
0.973663
-0.436920
-0.956085
-0.459076
0.005066
-0.365906
-0.999969
-0.947784
0.353241
0.999969
0.999969
0.542694
-0.870117
-0.999969
-0.490448
0.013428
-0.333984
-0.888153
-0.540497
0.792755
0.999969
0.999969
0.030029
-0.999969
-0.999969
-0.415436
0.117188
-0.219727
-0.647095
-0.151520
0.999969
0.999969
0.999969
-0.513824
-0.999969
-0.999969
-0.227905
0.300201
-0.056519
-0.398499
0.174957
0.999969
0.999969
0.649658
-0.999969
-0.999969
-0.999969
0.061096
0.532135
0.114929
-0.185059
0.406250
0.999969
0.999969
0.103638
-0.999969
-0.999969
-0.864929
0.424164
0.772705
0.252747
-0.041504
0.525269
0.999969
0.999573
-0.428009
-0.999969
-0.999969
-0.460938
0.820770
0.977386
0.320282
0.010498
0.532104
0.999969
0.559448
-0.892212
-0.999969
-0.999969
0.028015
0.999969
0.999969
0.291779
-0.034821
0.443634
0.808594
0.129059
-0.999969
-0.999969
-0.999969
0.553802
0.999969
0.999969
0.156311
-0.166443
0.290344
0.524200
-0.244171
-0.999969
-0.999969
-0.598145
0.999969
0.999969
0.999969
-0.080078
-0.358368
0.111694
0.262878
-0.523468
-0.999969
-0.999969
-0.044403
0.999969
0.999969
0.750397
-0.394653
-0.573334
-0.049896
0.063110
-0.686890
-0.999969
-0.999969
0.501068
0.999969
0.999969
0.379120
-0.750977
-0.768311
-0.155670
-0.048676
-0.729828
-0.999969
-0.561493
0.983643
0.999969
0.999969
-0.079773
-0.999969
-0.900848
-0.176025
-0.061401
-0.665009
-0.951019
-0.094513
0.999969
0.999969
0.999969
-0.581177
-0.999969
-0.935272
-0.095459
0.019073
-0.519958
-0.631958
0.320740
0.999969
0.999969
0.537323
-0.999969
-0.999969
-0.848358
0.085114
0.171234
-0.332703
-0.324249
0.643555
0.999969
0.999969
-0.017273
-0.999969
-0.999969
-0.633026
0.348053
0.361115
-0.145935
-0.069794
0.847534
0.999969
0.999969
-0.569733
-0.999969
-0.999969
-0.299957
0.661041
0.547363
-0.000519
0.100311
0.923492
0.999969
0.547791
-0.999969
-0.999969
-0.999969
0.122986
0.981476
0.687439
0.070526
0.169891
0.880005
0.999969
0.049622
-0.999969
-0.999969
-0.959290
0.594055
0.999969
0.743958
0.046967
0.139557
0.741516
0.720581
-0.402252
-0.999969
-0.999969
-0.469727
0.999969
0.999969
0.690491
-0.075500
0.026245
0.544464
0.368713
-0.763641
-0.999969
-0.999969
0.078827
0.999969
0.999969
0.515778
-0.284332
-0.139496
0.331573
0.061951
-0.999969
-0.999969
-0.999969
0.631287
0.999969
0.999969
0.225952
-0.551758
-0.318207
0.145538
-0.164215
-0.999969
-0.999969
-0.519897
0.999969
0.999969
0.999969
-0.155609
-0.838501
-0.467529
0.022766
-0.288635
-0.999969
-0.999969
0.003571
0.999969
0.999969
0.869812
-0.590912
-0.999969
-0.548523
-0.011963
-0.306732
-0.951385
-0.789307
0.486206
0.999969
0.999969
0.397980
-0.999969
-0.999969
-0.531647
0.050873
-0.230835
-0.743561
-0.396240
0.880768
0.999969
0.999969
-0.137604
-0.999969
-0.999969
-0.401520
0.204010
-0.087921
-0.504028
-0.040375
0.999969
0.999969
0.999969
-0.683228
-0.999969
-0.999969
-0.159454
0.424377
0.084686
-0.277069
0.238831
0.999969
0.999969
0.479645
-0.999969
-0.999969
-0.999969
0.175873
0.676331
0.244965
-0.102264
0.415283
0.999969
0.999969
-0.062775
-0.999969
-0.999969
-0.772583
0.570587
0.916595
0.352600
-0.008820
0.479492
0.999969
0.837830
-0.569885
-0.999969
-0.999969
-0.324799
0.979675
0.999969
0.375092
-0.011353
0.439087
0.926880
0.407257
-0.991913
-0.999969
-0.999969
0.191071
0.999969
0.999969
0.292877
-0.108002
0.317352
0.660706
0.006195
-0.999969
-0.999969
-0.957092
0.723206
0.999969
0.999969
0.102478
-0.280548
0.149353
0.393188
-0.322174
-0.999969
-0.999969
-0.429169
0.999969
0.999969
0.977722
-0.182434
-0.497223
-0.023468
0.166779
-0.547272
-0.999969
-0.999969
0.125488
0.999969
0.999969
0.670410
-0.532379
-0.717163
-0.159637
0.014984
-0.654633
-0.999969
-0.866333
0.650543
0.999969
0.999969
0.252808
-0.905823
-0.896515
-0.223846
-0.042542
-0.647369
-0.999969
-0.402618
0.999969
0.999969
0.999969
-0.236847
-0.999969
-0.994751
-0.192352
-0.002350
-0.544922
-0.799347
0.039001
0.999969
0.999969
0.898071
-0.749115
-0.999969
-0.980774
-0.056793
0.122375
-0.379974
-0.492279
0.412079
0.999969
0.999969
0.370880
-0.999969
-0.999969
-0.837769
0.174225
0.303894
-0.193146
-0.215546
0.681763
0.999969
0.999969
-0.189209
-0.999969
-0.999969
-0.566254
0.475983
0.504028
-0.026947
-0.006622
0.828888
0.999969
0.875458
-0.725464
-0.999969
-0.999969
-0.184601
0.810669
0.679901
0.080719
0.109894
0.851990
0.999969
0.383575
-0.999969
-0.999969
-0.999969
0.272705
0.999969
0.790283
0.102081
0.125275
0.766815
0.918121
-0.093384
-0.999969
-0.999969
-0.827087
0.759094
0.999969
0.801758
0.023834
0.047668
0.603394
0.573242
-0.506073
-0.999969
-0.999969
-0.307251
0.999969
0.999969
0.693939
-0.150604
-0.099365
0.401367
0.248230
