0.000000
0.999969
0.999969
0.991119
-0.055664
-0.467194
-0.129883
0.236450
-0.087524
-0.995911
-0.999969
-0.999969
0.307129
0.999969
0.999969
0.905396
-0.264435
-0.729340
-0.378113
0.056824
-0.154572
-0.921387
-0.999969
-0.816589
0.591339
0.999969
0.999969
0.743622
-0.522797
-0.999969
-0.592590
-0.056091
-0.141022
-0.775574
-0.999969
-0.521790
0.831604
0.999969
0.999969
0.516937
-0.810699
-0.999969
-0.753906
-0.092255
-0.049164
-0.572388
-0.861389
-0.251251
0.999969
0.999969
0.999969
0.241699
-0.999969
-0.999969
-0.846985
-0.047821
0.112457
-0.330322
-0.591827
-0.025787
0.999969
0.999969
0.999969
-0.061707
-0.999969
-0.999969
-0.862183
0.074402
0.329498
-0.071045
-0.348358
0.137543
0.999969
0.999969
0.999969
-0.370728
-0.999969
-0.999969
-0.796295
0.265259
0.583099
0.182434
-0.151459
0.226654
0.999969
0.999969
0.807953
-0.662262
-0.999969
-0.999969
-0.652679
0.510040
0.851471
0.407501
-0.017914
0.235657
0.953918
0.999969
0.507904
-0.914612
-0.999969
-0.999969
-0.441010
0.789551
0.999969
0.583862
0.040833
0.165100
0.762726
0.977875
0.226685
-0.999969
-0.999969
-0.999969
-0.176453
0.999969
0.999969
0.695312
0.019379
0.022095
0.527679
0.702087
-0.014191
-0.999969
-0.999969
-0.999969
0.121490
0.999969
0.999969
0.730743
-0.081177
-0.180359
0.269806
0.446930
-0.196625
-0.999969
-0.999969
-0.999969
0.430573
0.999969
0.999969
0.685364
-0.253113
-0.424408
0.012024
0.233643
-0.307251
-0.999969
-0.999969
-0.785858
0.727661
0.999969
0.999969
0.560913
-0.483032
-0.688782
-0.222809
0.079987
-0.338501
-0.999969
-0.999969
-0.482208
0.990570
0.999969
0.999969
0.365570
-0.752625
-0.950500
-0.413696
-0.001160
-0.289429
-0.946533
-0.999969
-0.191925
0.999969
0.999969
0.999969
0.113281
-0.999969
-0.999969
-0.543274
-0.002838
-0.165497
-0.719330
-0.796875
0.062988
0.999969
0.999969
0.999969
-0.177399
-0.999969
-0.999969
-0.599060
0.075439
0.021606
-0.463837
-0.531219
0.263458
0.999969
0.999969
0.999969
-0.484741
-0.999969
-0.999969
-0.574738
0.227539
0.255127
-0.202698
-0.302460
0.394745
0.999969
0.999969
0.751526
-0.785645
-0.999969
-0.999969
-0.470367
0.441376
0.514465
0.041046
-0.129395
0.447906
0.999969
0.999969
0.446014
-0.999969
-0.999969
-0.999969
-0.292603
0.699707
0.776886
0.245819
-0.026184
0.420288
0.999969
0.999969
0.148285
-0.999969
-0.999969
-0.999969
-0.054077
0.981720
0.999969
0.393188
-0.001343
0.315826
0.902771
0.875397
-0.119171
-0.999969
-0.999969
-0.999969
0.227631
0.999969
0.999969
0.469360
-0.056915
0.144714
0.650665
0.600494
-0.336395
-0.999969
-0.999969
-0.991333
0.531433
0.999969
0.999969
0.466461
-0.188416
-0.077393
0.387146
0.357361
-0.487518
-0.999969
-0.999969
-0.706451
0.834412
0.999969
0.999969
0.382965
-0.385101
-0.330658
0.135376
0.165710
-0.562042
-0.999969
-0.999969
-0.400818
0.999969
0.999969
0.999969
0.223938
-0.630920
-0.592773
-0.082550
0.040924
-0.555725
-0.999969
-0.999969
-0.097382
0.999969
0.999969
0.999969
0.000641
-0.905731
-0.840576
-0.247253
-0.006989
-0.470947
-0.999969
-0.937134
0.181030
0.999969
0.999969
0.999969
-0.270477
-0.999969
-0.999969
-0.343719
0.025635
-0.316406
-0.827850
-0.654327
0.413696
0.999969
0.999969
0.930115
-0.568970
-0.999969
-0.999969
-0.362549
0.135895
-0.106537
-0.562988
-0.398041
0.583618
0.999969
0.999969
0.652252
-0.872253
-0.999969
-0.999969
-0.300568
0.314484
0.139740
-0.304169
-0.188721
0.678864
0.999969
0.999969
0.348267
-0.999969
-0.999969
-0.999969
-0.161316
0.546570
0.400513
-0.073883
-0.043030
0.693634
0.999969
0.999969
0.040894
-0.999969
-0.999969
-0.999969
0.045410
0.812897
0.652710
0.107605
0.027679
0.628662
0.999969
0.981903
-0.246826
-0.999969
-0.999969
-0.999969
0.304321
0.999969
0.873901
0.224152
0.018127
0.491180
0.993225
0.692627
-0.493530
-0.999969
-0.999969
-0.859894
0.595825
0.999969
0.999969
0.264801
-0.070374
0.294250
0.728058
0.424469
-0.681122
-0.999969
-0.999969
-0.590698
0.897705
0.999969
0.999969
0.224945
-0.230072
0.055908
0.463196
0.198578
-0.796326
-0.999969
-0.999969
-0.290161
0.999969
0.999969
0.999969
0.106384
-0.447357
-0.202606
0.221497
0.032715
-0.831818
-0.999969
-0.999969
0.019348
0.999969
0.999969
0.999969
-0.082550
-0.703949
-0.458252
0.023834
-0.060364
-0.786652
-0.999969
-0.999969
0.314697
0.999969
0.999969
0.986053
-0.327759
-0.978302
-0.688293
-0.112396
-0.073853
-0.666565
-0.999969
-0.715515
0.573914
0.999969
0.999969
0.782593
-0.610657
-0.999969
-0.872040
-0.174957
-0.007446
-0.483276
-0.880371
-0.436890
0.777924
0.999969
0.999969
0.523682
-0.909424
-0.999969
-0.992615
-0.157562
0.132660
-0.253693
-0.610565
-0.195679
0.912231
0.999969
0.999969
0.228363
-0.999969
-0.999969
-0.999969
-0.060486
0.334229
0.001556
-0.358368
-0.010559
0.967926
0.999969
0.999969
-0.081482
-0.999969
-0.999969
-0.999969
0.109497
0.579956
0.259735
-0.145355
0.104340
0.942535
0.999969
0.999969
-0.382660
-0.999969
-0.999969
-0.887878
0.339661
0.848938
0.497803
0.010132
0.140686
0.840118
0.999969
0.723480
-0.652802
-0.999969
-0.999969
-0.700226
0.612335
0.999969
0.694489
0.094452
0.096558
0.671021
0.999969
0.435883
-0.871979
-0.999969
-0.999969
-0.453186
0.906372
0.999969
0.831726
0.099823
-0.023438
0.450989
0.744507
0.180603
-0.999969
-0.999969
-0.999969
-0.164825
0.999969
0.999969
0.896423
0.024872
-0.208405
0.199921
0.482880
-0.022675
-0.999969
-0.999969
-0.999969
0.143524
0.999969
0.999969
0.881256
-0.125183
-0.442200
-0.059784
0.255371
-0.158691
-0.999969
-0.999969
-0.999969
0.448761
0.999969
0.999969
0.785461
-0.339020
-0.704681
-0.305054
0.081268
-0.217560
-0.999969
-0.999969
-0.717224
0.728210
0.999969
0.999969
0.614807
-0.600006
-0.973267
-0.513977
-0.024567
-0.195740
-0.854950
-0.999969
-0.422211
0.961121
0.999969
0.999969
0.381165
-0.887726
-0.999969
-0.667572
-0.052795
-0.096313
-0.645264
-0.863556
-0.154358
0.999969
0.999969
0.999969
0.101471
-0.999969
-0.999969
-0.751373
-0.000458
0.071350
-0.399292
-0.593689
0.065979
0.999969
0.999969
0.999969
-0.203522
-0.999969
-0.999969
-0.756622
0.128815
0.292267
-0.138947
-0.352661
0.222229
0.999969
0.999969
0.997375
-0.511047
-0.999969
-0.999969
-0.680939
0.325104
0.547150
0.112640
-0.160645
0.303131
0.999969
0.999969
0.697723
-0.798096
-0.999969
-0.999969
-0.528442
0.573029
0.813843
0.333069
-0.033722
0.303558
0.999969
0.999969
0.396973
-0.999969
-0.999969
-0.999969
-0.309631
0.852936
0.999969
0.502563
0.017365
0.224945
0.833862
0.966553
0.117981
-0.999969
-0.999969
-0.999969
-0.040314
0.999969
0.999969
0.605408
-0.011993
0.075226
0.593872
0.689636
-0.118042
-0.999969
-0.999969
-0.999969
0.259552
0.999969
0.999969
0.631348
-0.119781
-0.131989
0.333893
0.436188
-0.293579
-0.999969
-0.999969
-0.964325
0.567535
0.999969
0.999969
0.576416
-0.297516
-0.378204
0.076935
0.227112
-0.395905
-0.999969
-0.999969
-0.666229
0.860504
0.999969
0.999969
0.443146
-0.531097
-0.641907
-0.154266
0.079620
-0.418335
-0.999969
-0.999969
-0.361389
0.999969
0.999969
0.999969
0.240509
-0.801727
-0.900024
-0.339142
0.005920
-0.360718
-0.999969
-0.999969
-0.072906
0.999969
0.999969
0.999969
-0.016815
-0.999969
-0.999969
-0.460815
0.012085
-0.229370
-0.781189
-0.769867
0.177460
0.999969
0.999969
0.999969
-0.309814
-0.999969
-0.999969
-0.507599
0.097778
-0.036682
-0.522552
-0.505188
0.371155
0.999969
0.999969
0.918945
-0.616455
-0.999969
-0.999969
-0.473969
0.256073
0.199982
-0.261169
-0.280060
0.494141
0.999969
0.999969
0.624115
-0.913635
-0.999969
-0.999969
-0.360840
0.474091
0.459625
-0.020050
-0.112701
0.538239
0.999969
0.999969
0.316956
-0.999969
-0.999969
-0.999969
-0.175690
0.734131
0.719452
0.179565
-0.016663
0.501617
0.999969
0.999969
0.020660
-0.999969
-0.999969
-0.999969
0.068115
0.999969
0.956543
0.319763
0.000366
0.389069
0.958801
0.833832
-0.242584
-0.999969
-0.999969
-0.999969
0.352539
0.999969
0.999969
0.387451
-0.062805
0.211548
0.702484
0.559235
-0.453217
-0.999969
-0.999969
-0.862885
0.656067
0.999969
0.999969
0.375549
-0.200867
-0.014648
0.437714
0.319122
-0.596008
-0.999969
-0.999969
-0.572998
0.955719
0.999969
0.999969
0.283417
-0.402313
-0.269318
0.187561
0.132751
-0.661224
-0.999969
-0.999969
-0.265320
0.999969
0.999969
0.999969
0.116913
-0.650482
-0.529877
-0.026093
0.014893
-0.645508
-0.999969
-0.999969
0.037109
0.999969
0.999969
0.999969
-0.111938
-0.924866
-0.773254
-0.184357
-0.025269
-0.552002
-0.999969
-0.881317
0.311615
0.999969
0.999969
0.999969
-0.386108
-0.999969
-0.977814
-0.272888
0.015137
-0.390259
-0.871460
-0.598114
0.537872
0.999969
0.999969
0.797852
-0.684814
-0.999969
-0.999969
-0.283051
0.132294
-0.175354
-0.604309
-0.344269
0.699463
0.999969
0.999969
0.514648
-0.985229
-0.999969
-0.999969
-0.212555
0.316223
0.073364
-0.346130
-0.139832
0.785248
0.999969
0.999969
0.208221
-0.999969
-0.999969
-0.999969
-0.065765
0.551361
0.333649
-0.119263
-0.000763
0.790192
0.999969
0.999969
-0.098541
-0.999969
-0.999969
-0.999969
0.146790
0.818054
0.582489
0.056580
0.062225
0.715912
0.999969
0.912323
-0.382690
-0.999969
-0.999969
-0.951752
0.409149
0.999969
0.797607
0.165741
0.044739
0.570404
0.999969
0.622009
-0.623169
-0.999969
-0.999969
-0.725739
0.701324
0.999969
0.959595
0.198120
-0.051086
0.367523
0.758972
0.355743
-0.802490
-0.999969
-0.999969
-0.450897
0.999969
0.999969
0.999969
0.149841
-0.216644
0.125702
0.493805
0.134308
-0.908081
-0.999969
-0.999969
-0.147522
0.999969
0.999969
0.999969
0.023682
-0.437744
-0.133423
0.254578
-0.025146
-0.933380
-0.999969
-0.999969
0.161743
0.999969
0.999969
0.999969
-0.171295
-0.695526
-0.386749
0.061859
-0.110596
-0.878357
-0.999969
-0.927185
0.453857
0.999969
0.999969
0.860199
-0.420410
-0.968109
-0.611725
-0.067566
-0.115997
-0.749481
-0.999969
-0.631317
0.707092
0.999969
0.999969
0.648499
-0.704437
-0.999969
-0.788025
-0.122223
-0.041870
-0.559296
-0.899841
-0.354034
0.902924
0.999969
0.999969
0.383667
-0.999969
-0.999969
-0.899384
-0.096619
0.104706
-0.325226
-0.628784
-0.116821
0.999969
0.999969
0.999969
0.085144
-0.999969
-0.999969
-0.934692
0.008148
0.310760
-0.068268
-0.378235
0.062134
0.999969
0.999969
0.999969
-0.224823
-0.999969
-0.999969
-0.889069
0.184448
0.558502
0.188660
-0.169403
0.169434
0.999969
0.999969
0.926514
-0.523102
-0.999969
-0.999969
-0.764191
0.418884
0.826660
0.422668
-0.020142
0.197540
0.924988
0.999969
0.626678
-0.787537
-0.999969
-0.999969
-0.568176
0.693207
0.999969
0.612793
0.056641
0.145355
0.748108
0.999969
0.339935
-0.998627
-0.999969
-0.999969
-0.314972
0.985992
0.999969
0.741577
0.053955
0.018341
0.522583
0.749634
0.088257
-0.999969
-0.999969
-0.999969
-0.023102
0.999969
0.999969
0.796570
-0.028717
-0.171906
0.268768
0.488800
-0.109161
-0.999969
-0.999969
-0.999969
0.285767
0.999969
0.999969
0.771301
-0.185333
-0.408569
0.009186
0.264740
-0.237610
-0.999969
-0.999969
-0.911224
0.588501
0.999969
0.999969
0.665863
-0.403839
-0.671173
-0.233063
0.096252
-0.288086
-0.999969
-0.999969
-0.609070
0.862488
0.999969
0.999969
0.486816
-0.667023
-0.936920
-0.436371
-0.002441
-0.257874
-0.931396
-0.999969
-0.314423
0.999969
0.999969
0.999969
0.246765
-0.954071
-0.999969
-0.582245
-0.022766
-0.150848
-0.715240
-0.855011
-0.049744
0.999969
0.999969
0.999969
-0.036743
-0.999969
-0.999969
-0.656952
0.037323
0.022797
-0.465454
-0.585114
0.164948
0.999969
0.999969
0.999969
-0.342651
-0.999969
-0.999969
-0.652496
0.173401
0.247498
-0.204193
-0.346832
0.313751
0.999969
0.999969
0.882446
-0.648041
-0.999969
-0.999969
-0.567291
0.374786
0.503418
0.045410
-0.159851
0.386139
0.999969
0.999969
0.579651
-0.929962
-0.999969
-0.999969
-0.406403
0.625458
0.768250
0.261200
-0.039673
0.377838
0.999969
0.999969
0.278748
-0.999969
-0.999969
-0.999969
-0.181000
0.905334
0.999969
0.423798
0.003693
0.291077
0.900604
0.944031
0.002594
-0.999969
-0.999969
-0.999969
0.092468
0.999969
0.999969
0.518188
-0.033478
0.134613
0.655762
0.666290
-0.228088
-0.999969
-0.999969
-0.999969
0.393646
0.999969
0.999969
0.534821
-0.148285
-0.077209
0.393799
0.414886
-0.396271
-0.999969
-0.999969
-0.841492
0.699890
0.999969
0.999969
0.470581
-0.331573
-0.325500
0.137787
0.210297
-0.489960
-0.999969
-0.999969
-0.539795
0.988098
0.999969
0.999969
0.328918
-0.568451
-0.588379
-0.089752
0.069183
-0.503326
-0.999969
-0.999969
-0.234406
0.999969
0.999969
0.999969
0.119537
-0.839722
-0.842712
-0.268555
0.002960
-0.437042
-0.999969
-0.999969
0.051666
0.999969
0.999969
0.999969
-0.142273
-0.999969
-0.999969
-0.382385
0.016968
-0.298248
-0.837280
-0.731750
0.296967
0.999969
0.999969
0.999969
-0.436951
-0.999969
-0.999969
-0.420349
0.109955
-0.100067
-0.575592
-0.468414
0.483398
0.999969
0.999969
0.789917
-0.742279
-0.999969
-0.999969
-0.377655
0.274200
0.139648
-0.314148
-0.247223
0.597687
0.999969
0.999969
0.491058
-0.999969
-0.999969
-0.999969
-0.256165
0.496155
0.399536
-0.075745
-0.085846
0.632416
0.999969
0.999969
0.182922
-0.999969
-0.999969
-0.999969
-0.064117
0.757538
0.656616
0.118652
0.002869
0.586609
0.999969
0.999969
-0.111328
-0.999969
-0.999969
-0.999969
0.184479
0.999969
0.888184
0.251678
0.012054
0.465912
0.999969
0.781158
-0.369781
-0.999969
-0.999969
-0.986969
0.471008
0.999969
0.999969
0.311035
-0.058655
0.282043
0.747314
0.507233
-0.573303
-0.999969
-0.999969
-0.729462
0.773651
0.999969
0.999969
0.290344
-0.203094
0.051819
0.481415
0.270508
-0.707336
-0.999969
-0.999969
-0.435181
0.999969
0.999969
0.999969
0.189880
-0.409058
-0.204132
0.233063
0.089722
-0.762939
-0.999969
-0.999969
-0.126129
0.999969
0.999969
0.999969
0.016327
-0.659302
-0.463013
0.023773
-0.021027
-0.737549
-0.999969
-0.999969
0.174652
0.999969
0.999969
0.999969
-0.217590
-0.932922
-0.701904
-0.128021
-0.053284
-0.635254
-0.999969
-0.814514
0.444641
0.999969
0.999969
0.908264
-0.494293
-0.999969
-0.899384
-0.208710
-0.005127
-0.466248
-0.906830
-0.531403
0.663940
0.999969
0.999969
0.661957
-0.792572
-0.999969
-0.999969
-0.210358
0.118896
-0.246338
-0.637573
-0.280426
0.816772
0.999969
0.999969
0.374023
-0.999969
-0.999969
-0.999969
-0.131622
0.307953
0.004669
-0.380219
-0.081146
0.892670
0.999969
0.999969
0.065796
-0.999969
-0.999969
-0.999969
0.022339
0.545929
0.264404
-0.156860
0.050964
0.887543
0.999969
0.999969
-0.239655
-0.999969
-0.999969
-0.993195
0.240265
0.812683
0.509766
0.013184
0.106079
0.803802
0.999969
0.832123
-0.519592
-0.999969
-0.999969
-0.822906
0.505585
0.999969
0.718781
0.114990
0.080597
0.650238
0.999969
0.541290
-0.753296
-0.999969
-0.999969
-0.589325
0.797852
0.999969
0.872467
0.139191
-0.022491
0.441376
0.780731
0.277374
-0.923859
-0.999969
-0.999969
-0.309448
0.999969
0.999969
0.956390
0.082764
-0.193848
0.196198
0.515472
0.060760
-0.999969
-0.999969
-0.999969
-0.003937
0.999969
0.999969
0.961639
-0.050720
-0.418549
-0.063416
0.278961
-0.091980
-0.999969
-0.999969
-0.999969
0.304443
0.999969
0.999969
0.885773
-0.251373
-0.677246
-0.314331
0.091309
-0.169525
-0.969147
-0.999969
-0.834503
0.592651
0.999969
0.999969
0.732971
-0.503845
-0.947876
-0.534180
-0.031311
-0.166687
-0.831451
-0.999969
-0.537567
0.839294
0.999969
0.999969
0.513611
-0.788513
-0.999969
-0.703064
-0.078064
-0.084869
-0.634369
-0.909302
-0.262146
0.999969
0.999969
0.999969
0.243439
-0.999969
-0.999969
-0.805298
-0.044403
0.068085
-0.395874
-0.637268
-0.029388
0.999969
0.999969
0.999969
-0.057587
-0.999969
-0.999969
-0.830566
0.067780
0.278534
-0.137329
-0.388580
0.143036
0.999969
0.999969
0.999969
-0.367035
-0.999969
-0.999969
-0.774811
0.250061
0.528107
0.118256
-0.184113
0.242462
0.999969
0.999969
0.822510
-0.661774
-0.999969
-0.999969
-0.640564
0.488312
0.795227
0.348145
-0.041168
0.262115
0.999969
0.999969
0.521088
-0.919861
-0.999969
-0.999969
-0.436768
0.763824
0.999969
0.531738
0.028107
0.201782
0.822662
0.999969
0.235718
-0.999969
-0.999969
-0.999969
-0.177948
0.999969
0.999969
0.652100
0.017426
0.067780
0.591736
0.744263
-0.011871
-0.999969
-0.999969
-0.999969
0.116791
0.999969
0.999969
0.697571
-0.072754
-0.127625
0.335236
0.484528
-0.202942
-0.999969
-0.999969
-0.999969
0.425476
0.999969
0.999969
0.662476
-0.235657
-0.367035
0.075928
0.264160
-0.323547
-0.999969
-0.999969
-0.797272
0.725037
0.999969
0.999969
0.547760
-0.458466
-0.629547
-0.163239
0.101440
-0.365387
-0.999969
-0.999969
-0.493011
0.992981
0.999969
0.999969
0.360840
-0.723419
-0.892303
-0.360870
0.009979
-0.326630
-0.999969
-0.999969
-0.199280
0.999969
0.999969
0.999969
0.114960
-0.999969
-0.999969
-0.499115
-0.002533
-0.211975
-0.781219
-0.835510
0.061676
0.999969
0.999969
0.999969
-0.171783
-0.999969
-0.999969
-0.564880
0.065216
-0.032379
-0.527679
-0.565887
0.270264
0.999969
0.999969
0.999969
-0.477936
-0.999969
-0.999969
-0.550934
0.207855
0.195953
-0.265625
-0.330627
0.411224
0.999969
0.999969
0.760010
-0.780487
-0.999969
-0.999969
-0.456604
0.414032
0.452820
-0.018127
-0.148926
0.474792
0.999969
0.999969
0.454651
-0.999969
-0.999969
-0.999969
-0.287750
0.667084
0.715637
0.192963
-0.035645
0.457520
0.999969
0.999969
0.154266
-0.999969
-0.999969
-0.999969
-0.056274
0.946503
0.961395
0.348694
0.000000
0.362549
0.961853
0.910248
-0.118500
-0.999969
-0.999969
-0.999969
0.220734
0.999969
0.999969
0.434662
-0.044861
0.199371
0.712250
0.632050
-0.343323
-0.999969
-0.999969
-0.993439
0.522583
0.999969
0.999969
0.442200
-0.166565
-0.017029
0.448425
0.382996
-0.503693
-0.999969
-0.999969
-0.712280
0.826416
0.999969
0.999969
0.369019
-0.355103
-0.267242
0.193481
0.183167
-0.588440
-0.999969
-0.999969
-0.407593
0.999969
0.999969
0.999969
0.219330
-0.595001
-0.529144
-0.030243
0.048615
-0.592499
-0.999969
-0.999969
-0.102295
0.999969
0.999969
0.999969
0.003693
-0.866547
-0.779602
-0.202972
-0.010010
-0.517395
-0.999969
-0.968018
0.180725
0.999969
0.999969
0.999969
-0.261993
-0.999969
-0.996460
-0.309052
0.011841
-0.371124
-0.886566
-0.682648
0.420380
0.999969
0.999969
0.929169
-0.557770
-0.999969
-0.999969
-0.338287
0.112000
-0.167450
-0.622040
-0.421051
0.599121
0.999969
0.999969
0.655762
-0.861145
-0.999969
-0.999969
-0.286835
0.281982
0.075195
-0.360626
-0.204071
0.704315
0.999969
0.999969
0.353516
-0.999969
-0.999969
-0.999969
-0.157318
0.507599
0.335175
-0.125061
-0.048920
0.729370
0.999969
0.999969
0.045074
-0.999969
-0.999969
-0.999969
0.041168
0.769989
0.589447
0.064026
0.032318
0.674225
0.999969
0.999969
-0.246521
-0.999969
-0.999969
-0.999969
0.294006
0.999969
0.815399
0.189941
0.033569
0.545319
0.999969
0.717590
-0.499573
-0.999969
-0.999969
-0.856262
0.582031
0.999969
0.992737
0.240997
-0.044617
0.355042
0.784241
0.444794
-0.695465
-0.999969
-0.999969
-0.592224
0.883209
0.999969
0.999969
0.211761
-0.195343
0.120880
0.517426
0.211853
-0.820312
-0.999969
-0.999969
-0.294220
0.999969
0.999969
0.999969
0.103271
-0.405609
-0.136230
0.270996
0.036926
-0.865967
-0.999969
-0.999969
0.015564
0.999969
0.999969
0.999969
