0.000000
0.999969
0.999969
0.899841
-0.421783
-0.999969
-0.753906
-0.126343
0.055969
-0.276642
-0.479156
0.026520
0.999969
0.999969
0.907471
-0.606384
-0.999969
-0.999969
-0.460480
0.999969
0.999969
0.952393
-0.054047
-0.528931
-0.294403
0.038361
-0.155365
-0.761383
-0.999969
-0.306213
0.999969
0.999969
0.999969
-0.160034
-0.999969
-0.999969
-0.788574
0.536926
0.999969
0.740143
0.093201
-0.076111
0.256683
0.428467
-0.103882
-0.999969
-0.999969
-0.778107
0.747406
0.999969
0.999969
0.310608
-0.999969
-0.999969
-0.887085
0.137329
0.577271
0.309509
-0.023590
0.180115
0.762726
0.944641
0.191040
-0.999969
-0.999969
-0.999969
0.319000
0.999969
0.999969
0.670502
-0.650757
-0.999969
-0.719940
-0.056091
0.098511
-0.234894
-0.377441
0.177521
0.999969
0.999969
0.645172
-0.882538
-0.999969
-0.999969
-0.157806
0.999969
0.999969
0.814026
-0.222687
-0.623657
-0.321655
0.011871
-0.200592
-0.758209
-0.878021
-0.077087
0.999969
0.999969
0.999969
-0.475769
-0.999969
-0.999969
-0.546326
0.762482
0.999969
0.693237
0.015259
-0.122833
0.211700
0.326569
-0.246948
-0.999969
-0.999969
-0.509552
0.999969
0.999969
0.999969
0.003052
-0.999969
-0.999969
-0.733582
0.309509
0.667542
0.330475
-0.003357
0.216766
0.748077
0.807434
-0.034851
-0.999969
-0.999969
-0.998169
0.629333
0.999969
0.999969
0.416901
-0.871246
-0.999969
-0.660034
0.029053
0.148712
-0.187531
-0.276367
0.311768
0.999969
0.999969
0.372284
-0.999969
-0.999969
-0.999969
0.152588
0.999969
0.999969
0.646149
-0.397156
-0.708405
-0.335632
-0.001770
-0.228638
-0.732635
-0.733582
0.144043
0.999969
0.999969
0.859039
-0.778656
-0.999969
-0.999969
-0.283051
0.976196
0.999969
0.620331
-0.076569
-0.175781
0.162872
0.227264
-0.371582
-0.999969
-0.999969
-0.234314
0.999969
0.999969
0.999969
-0.308014
-0.999969
-0.999969
-0.552277
0.484955
0.745697
0.336884
0.003448
0.236298
0.712311
0.657074
-0.249756
-0.999969
-0.999969
-0.715057
0.922699
0.999969
0.999969
0.145599
-0.999969
-0.999969
-0.574249
0.126923
0.203613
-0.138062
-0.179779
0.426117
0.999969
0.999969
0.096558
-0.999969
-0.999969
-0.999969
0.462219
0.999969
0.999969
0.452484
-0.572235
-0.778961
-0.333984
-0.001587
-0.239899
-0.687408
-0.578644
0.351288
0.999969
0.999969
0.567230
-0.999969
-0.999969
-0.999969
-0.005524
0.999969
0.999969
0.521973
-0.179718
-0.231781
0.113617
0.134308
-0.475128
-0.999969
-0.999969
0.039978
0.999969
0.999969
0.999969
-0.614136
-0.999969
-0.999969
-0.347351
0.658264
0.807678
0.326752
-0.003784
0.239563
0.658417
0.498901
-0.447998
-0.999969
-0.999969
-0.416565
0.999969
0.999969
0.999969
-0.136230
-0.999969
-0.999969
-0.463654
0.234558
0.259857
-0.089935
-0.091248
0.518372
0.999969
0.995239
-0.174408
-0.999969
-0.999969
-0.888306
0.762726
0.999969
0.999969
0.237579
-0.742371
-0.831451
-0.315002
0.012665
-0.235535
-0.625793
-0.418549
0.539307
0.999969
0.999969
0.264130
-0.999969
-0.999969
-0.999969
0.278748
0.999969
0.999969
0.399628
-0.290955
-0.287415
0.067383
0.050934
-0.555695
-0.999969
-0.897980
0.305786
0.999969
0.999969
0.742035
-0.906921
-0.999969
-0.999969
-0.123871
0.823822
0.849854
0.298645
-0.024933
0.228027
0.589996
0.338226
-0.624664
-0.999969
-0.999969
-0.110992
0.999969
0.999969
0.999969
-0.421021
-0.999969
-0.999969
-0.330200
0.348419
0.313965
-0.046387
-0.013702
0.587067
0.999969
0.796783
-0.433289
-0.999969
-0.999969
-0.590942
0.999969
0.999969
0.999969
0.006958
-0.901917
-0.862488
-0.277649
0.040466
-0.217377
-0.551483
-0.258575
0.703583
0.999969
0.999969
-0.041870
-0.999969
-0.999969
-0.997101
0.562073
0.999969
0.999969
0.255768
-0.406494
-0.339081
0.027313
-0.020203
-0.612396
-0.999969
-0.692413
0.556061
0.999969
0.999969
0.436066
-0.999969
-0.999969
-0.999969
0.112366
0.975983
0.869049
0.251923
-0.059113
0.203888
0.510803
0.180206
-0.775635
-0.999969
-0.999969
0.193359
0.999969
0.999969
0.863800
-0.700897
-0.999969
-0.999969
-0.176727
0.464569
0.362335
-0.010468
0.050507
0.631744
0.999969
0.585693
-0.673340
-0.999969
-0.999969
-0.278442
0.999969
0.999969
0.999969
-0.233307
-0.999969
-0.869232
-0.221588
0.080627
-0.187897
-0.468475
-0.103729
0.840454
0.999969
0.999969
-0.342499
-0.999969
-0.999969
-0.724121
0.836517
0.999969
0.999969
0.093597
-0.522156
-0.383270
-0.003815
-0.077087
-0.645172
-0.999969
-0.477448
0.784363
0.999969
0.999969
0.119141
-0.999969
-0.999969
-0.999969
0.355011
0.999969
0.862793
0.186707
-0.104797
0.169769
0.424957
0.029663
-0.897766
-0.999969
-0.967590
0.488251
0.999969
0.999969
0.578918
-0.967957
-0.999969
-0.999969
-0.006927
0.578644
0.401520
0.015259
0.099762
0.652802
0.956604
0.368500
-0.888458
-0.999969
-0.999969
0.040741
0.999969
0.999969
0.904724
-0.476624
-0.999969
-0.849548
-0.147400
0.131287
-0.149902
-0.380798
0.041443
0.947327
0.999969
0.844971
-0.629669
-0.999969
-0.999969
-0.429199
0.999969
0.999969
0.999969
-0.082733
-0.633514
-0.416626
-0.023651
-0.118469
-0.654785
-0.901520
-0.259613
0.985016
0.999969
0.999969
-0.200134
-0.999969
-0.999969
-0.786713
0.597260
0.999969
0.829346
0.103882
-0.159790
0.128693
0.336487
-0.109131
-0.988953
-0.999969
-0.718414
0.765808
0.999969
0.999969
0.275940
-0.999969
-0.999969
-0.926758
0.174744
0.686157
0.428284
0.028809
0.133179
0.651428
0.842010
0.151581
-0.999969
-0.999969
-0.999969
0.357971
0.999969
0.999969
0.662048
-0.716034
-0.999969
-0.802155
-0.056396
0.189911
-0.106567
-0.292511
0.172943
0.999969
0.999969
0.588837
-0.895813
-0.999969
-0.999969
-0.120178
0.999969
0.999969
0.845642
-0.268494
-0.736023
-0.436096
-0.030518
-0.143860
-0.642944
-0.778717
-0.045197
0.999969
0.999969
0.999969
-0.513153
-0.999969
-0.999969
-0.531555
0.832092
0.999969
0.767944
0.005219
-0.221313
0.083954
0.249329
-0.232513
-0.999969
-0.999969
-0.457184
0.999969
0.999969
0.999969
-0.037079
-0.999969
-0.999969
-0.756989
0.363251
0.782562
0.439819
0.028717
0.150604
0.629639
0.712250
-0.058807
-0.999969
-0.999969
-0.947083
0.664642
0.999969
0.999969
0.396057
-0.944550
-0.999969
-0.726746
0.049347
0.253571
-0.061310
-0.207397
0.287476
0.999969
0.999969
0.324402
-0.999969
-0.999969
-0.999969
0.194702
0.999969
0.999969
0.661346
-0.458374
-0.825195
-0.439117
-0.023315
-0.153534
-0.611877
-0.643219
0.159790
0.999969
0.999969
0.808380
-0.811462
-0.999969
-0.999969
-0.256439
0.999969
0.999969
0.678650
-0.106842
-0.286224
0.039001
0.167145
-0.337555
-0.999969
-0.999969
-0.191437
0.999969
0.999969
0.999969
-0.351654
-0.999969
-0.999969
-0.559265
0.553101
0.863434
0.433807
0.014313
0.152740
0.590057
0.572296
-0.256989
-0.999969
-0.999969
-0.665375
0.952576
0.999969
0.999969
0.113617
-0.999969
-0.999969
-0.623840
0.166931
0.318848
-0.017517
-0.128967
0.382507
0.999969
0.999969
0.059174
-0.999969
-0.999969
-0.999969
0.506866
0.999969
0.999969
0.451355
-0.646698
-0.896790
-0.423676
-0.001709
-0.148407
-0.564575
-0.500092
0.349854
0.999969
0.999969
0.519043
-0.999969
-0.999969
-0.999969
0.031433
0.999969
0.999969
0.562561
-0.229095
-0.351013
-0.002808
0.093201
-0.422150
-0.999969
-0.999969
0.071472
0.999969
0.999969
0.992279
-0.659271
-0.999969
-0.999969
-0.338287
0.738434
0.924744
0.408600
-0.014404
0.140839
0.535889
0.427246
-0.437805
-0.999969
-0.999969
-0.370422
0.999969
0.999969
0.999969
-0.177734
-0.999969
-0.999969
-0.495056
0.292877
0.382202
0.021545
-0.060181
0.456360
0.999969
0.912048
-0.199585
-0.999969
-0.999969
-0.849854
0.807831
0.999969
0.999969
0.220764
-0.827545
-0.946899
-0.388489
0.033905
-0.130219
-0.504395
-0.354370
0.520264
0.999969
0.999969
0.220551
-0.999969
-0.999969
-0.999969
0.324310
0.999969
0.999969
0.421692
-0.357758
-0.411987
-0.038330
0.030151
-0.485046
-0.999969
-0.818512
0.324310
0.999969
0.999969
0.702057
-0.951508
-0.999969
-0.999969
-0.099548
0.913330
0.962891
0.363251
-0.056641
0.116913
0.470612
0.282074
-0.596802
-0.999969
-0.999969
-0.070435
0.999969
0.999969
0.999969
-0.470123
-0.999969
-0.999969
-0.342865
0.423187
0.439880
0.052826
-0.003418
0.508179
0.999969
0.721741
-0.444885
-0.999969
-0.999969
-0.549957
0.999969
0.999969
0.999969
-0.024506
-0.995026
-0.972290
-0.332977
0.082428
-0.101196
-0.435028
-0.210938
0.666992
0.999969
0.999969
-0.078888
-0.999969
-0.999969
-0.977509
0.614197
0.999969
0.999969
0.259064
-0.488586
-0.465424
-0.064697
-0.019897
-0.525787
-0.978333
-0.622437
0.560455
0.999969
0.999969
0.394501
-0.999969
-0.999969
-0.999969
0.150635
0.999969
0.974884
0.297638
-0.110992
0.083466
0.398102
0.141510
-0.730469
-0.999969
-0.999969
0.226410
0.999969
0.999969
0.839996
-0.755493
-0.999969
-0.999969
-0.170746
0.553375
0.488220
0.073669
0.039581
0.537994
0.939697
0.521393
-0.670349
-0.999969
-0.999969
-0.236816
0.999969
0.999969
0.999969
-0.277924
-0.999969
-0.970337
-0.257416
0.142029
-0.064056
-0.360352
-0.074310
0.786957
0.999969
0.999969
-0.371124
-0.999969
-0.999969
-0.696411
0.893005
0.999969
0.999969
0.078491
-0.616943
-0.507812
-0.079498
-0.055573
-0.544891
-0.895813
-0.419403
0.773895
0.999969
0.999969
0.077972
-0.999969
-0.999969
-0.999969
0.405518
0.999969
0.958496
0.212433
-0.175262
0.043427
0.322205
0.009827
-0.836212
-0.999969
-0.900665
0.512085
0.999969
0.999969
0.547699
-0.999969
-0.999969
-0.999969
0.017090
0.678711
0.523834
0.082001
0.067780
0.546692
0.847229
0.317230
-0.870422
-0.999969
-0.999969
0.080994
0.999969
0.999969
0.903320
-0.532471
-0.999969
-0.939209
-0.162933
0.210297
-0.021912
-0.284180
0.051453
0.878052
0.999969
0.780975
-0.648346
-0.999969
-0.999969
-0.394867
0.999969
0.999969
0.999969
-0.115356
-0.738098
-0.535858
-0.080933
-0.076233
-0.543579
-0.794464
-0.215637
0.959412
0.999969
0.999969
-0.238953
-0.999969
-0.999969
-0.779022
0.657928
0.999969
0.912415
0.109161
-0.246735
0.000000
0.246735
-0.109161
-0.912415
-0.999969
-0.657928
0.779022
0.999969
0.999969
0.238953
-0.999969
-0.999969
-0.959412
0.215637
0.794464
0.543579
0.076233
0.080933
0.535858
0.738098
0.115356
-0.999969
-0.999969
-0.999969
0.394867
0.999969
0.999969
0.648346
-0.780975
-0.999969
-0.878052
-0.051453
0.284180
0.021912
-0.210297
0.162933
0.939209
0.999969
0.532471
-0.903320
-0.999969
-0.999969
-0.080994
0.999969
0.999969
0.870422
-0.317230
-0.847229
-0.546692
-0.067780
-0.082001
-0.523834
-0.678711
-0.017090
0.999969
0.999969
0.999969
-0.547699
-0.999969
-0.999969
-0.512085
0.900665
0.999969
0.836212
-0.009827
-0.322205
-0.043427
0.175262
-0.212433
-0.958496
-0.999969
-0.405518
0.999969
0.999969
0.999969
-0.077972
-0.999969
-0.999969
-0.773895
0.419403
0.895813
0.544891
0.055573
0.079498
0.507812
0.616943
-0.078491
-0.999969
-0.999969
-0.893005
0.696411
0.999969
0.999969
0.371124
-0.999969
-0.999969
-0.786957
0.074310
0.360352
0.064056
-0.142029
0.257416
0.970337
0.999969
0.277924
-0.999969
-0.999969
-0.999969
0.236816
0.999969
0.999969
0.670349
-0.521393
-0.939697
-0.537994
-0.039581
-0.073669
-0.488220
-0.553375
0.170746
0.999969
0.999969
0.755493
-0.839996
-0.999969
-0.999969
-0.226410
0.999969
0.999969
0.730469
-0.141510
-0.398102
-0.083466
0.110992
-0.297638
-0.974884
-0.999969
-0.150635
0.999969
0.999969
0.999969
-0.394501
-0.999969
-0.999969
-0.560455
0.622437
0.978333
0.525787
0.019897
0.064697
0.465424
0.488586
-0.259064
-0.999969
-0.999969
-0.614197
0.977509
0.999969
0.999969
0.078888
-0.999969
-0.999969
-0.666992
0.210938
0.435028
0.101196
-0.082428
0.332977
0.972290
0.995026
0.024506
-0.999969
-0.999969
-0.999969
0.549957
0.999969
0.999969
0.444885
-0.721741
-0.999969
-0.508179
0.003418
-0.052826
-0.439880
-0.423187
0.342865
0.999969
0.999969
0.470123
-0.999969
-0.999969
-0.999969
0.070435
0.999969
0.999969
0.596802
-0.282074
-0.470612
-0.116913
0.056641
-0.363251
-0.962891
-0.913330
0.099548
0.999969
0.999969
0.951508
-0.702057
-0.999969
-0.999969
-0.324310
0.818512
0.999969
0.485046
-0.030151
0.038330
0.411987
0.357758
-0.421692
-0.999969
-0.999969
-0.324310
0.999969
0.999969
0.999969
-0.220551
-0.999969
-0.999969
-0.520264
0.354370
0.504395
0.130219
-0.033905
0.388489
