0.000000
0.999969
0.999969
0.999969
0.204102
-0.605804
-0.695404
-0.281128
0.021942
-0.207092
-0.794159
-0.999969
-0.639435
0.519714
0.999969
0.999969
0.999969
-0.302460
-0.999969
-0.999969
-0.857971
0.009613
0.392151
0.175354
-0.174805
-0.084686
0.565369
0.999969
0.999969
0.505920
-0.865845
-0.999969
-0.999969
-0.787323
0.528473
0.999969
0.999969
0.441864
-0.070923
-0.019928
0.373077
0.505402
-0.022736
-0.989502
-0.999969
-0.999969
-0.249847
0.999969
0.999969
0.999969
0.439178
-0.615997
-0.966919
-0.613129
-0.113007
-0.040222
-0.458710
-0.868378
-0.667023
0.270416
0.999969
0.999969
0.999969
-0.060944
-0.999969
-0.999969
-0.999969
-0.144287
0.529358
0.512207
0.106567
-0.072083
0.309601
0.970459
0.999969
0.648407
-0.600403
-0.999969
-0.999969
-0.999969
0.348450
0.999969
0.999969
0.723969
-0.031006
-0.266022
0.025116
0.320007
0.085907
-0.691376
-0.999969
-0.999969
-0.472595
0.937531
0.999969
0.999969
0.703979
-0.539062
-0.999969
-0.949066
-0.322906
0.044556
-0.142639
-0.565582
-0.604614
0.065063
0.999969
0.999969
0.999969
0.192352
-0.999969
-0.999969
-0.999969
-0.360779
0.577728
0.808807
0.429840
0.028778
0.113525
0.636871
0.999969
0.712738
-0.341583
-0.999969
-0.999969
-0.999969
0.119965
0.999969
0.999969
0.999969
0.092468
-0.438202
-0.321106
0.062714
0.109680
-0.419006
-0.999969
-0.999969
-0.643616
0.679260
0.999969
0.999969
0.971588
-0.386108
-0.999969
-0.999969
-0.589752
0.040710
0.128448
-0.225708
-0.453827
-0.075012
0.817810
0.999969
0.999969
0.429993
-0.999969
-0.999969
-0.999969
-0.617828
0.536682
0.999969
0.769043
0.210358
-0.005707
0.310760
0.750366
0.688812
-0.116119
-0.999969
-0.999969
-0.999969
-0.131805
0.999969
0.999969
0.999969
0.286346
-0.524414
-0.638306
-0.246796
0.044403
-0.196991
-0.813171
-0.999969
-0.742981
0.415802
0.999969
0.999969
0.999969
-0.175232
-0.999969
-0.999969
-0.890076
-0.049988
0.333160
0.124512
-0.224457
-0.134460
0.533417
0.999969
0.999969
0.625977
-0.754333
-0.999969
-0.999969
-0.889404
0.414001
0.999969
0.999969
0.457458
-0.038208
0.018890
0.423828
0.574677
0.052612
-0.942474
-0.999969
-0.999969
-0.379639
0.999969
0.999969
0.999969
0.530853
-0.520569
-0.901886
-0.583893
-0.105927
-0.045166
-0.482239
-0.925110
-0.757385
0.174500
0.999969
0.999969
0.999969
0.070099
-0.999969
-0.999969
-0.999969
-0.217590
0.456268
0.457458
0.066437
-0.105591
0.289246
0.985138
0.999969
0.758087
-0.491211
-0.999969
-0.999969
-0.999969
0.224915
0.999969
0.999969
0.748779
0.017914
-0.215302
0.075012
0.376678
0.146393
-0.651001
-0.999969
-0.999969
-0.596619
0.823608
0.999969
0.999969
0.801422
-0.430817
-0.999969
-0.921356
-0.329224
0.023254
-0.174133
-0.616943
-0.681305
-0.019592
0.999969
0.999969
0.999969
0.323303
-0.999969
-0.999969
-0.999969
-0.445068
0.490173
0.747101
0.396149
0.011108
0.107361
0.654663
0.999969
0.809998
-0.238617
-0.999969
-0.999969
-0.999969
-0.009186
0.999969
0.999969
0.999969
0.156158
-0.373688
-0.268555
0.108826
0.154175
-0.388794
-0.999969
-0.999969
-0.758636
0.565826
0.999969
0.999969
0.999969
-0.267365
-0.999969
-0.999969
-0.606628
0.002869
0.085968
-0.274933
-0.517517
-0.145752
0.769653
0.999969
0.999969
0.556976
-0.885223
-0.999969
-0.999969
-0.709595
0.435486
0.971283
0.738281
0.206970
0.004089
0.335236
0.802551
0.772705
-0.022888
-0.999969
-0.999969
-0.999969
-0.262787
0.999969
0.999969
0.999969
0.362396
-0.445312
-0.579803
-0.208313
0.072815
-0.179962
-0.825653
-0.999969
-0.846558
0.306763
0.999969
0.999969
0.999969
-0.049072
-0.999969
-0.999969
-0.914124
-0.103394
0.277405
0.073944
-0.276794
-0.189697
0.493988
0.999969
0.999969
0.745483
-0.637665
-0.999969
-0.999969
-0.984924
0.300995
0.999969
0.999969
0.465912
-0.011749
0.053253
0.472656
0.645325
0.133087
-0.887268
-0.999969
-0.999969
-0.508514
0.937317
0.999969
0.999969
0.616058
-0.427124
-0.834717
-0.549713
-0.092499
-0.043518
-0.500000
-0.978333
-0.848083
0.073547
0.999969
0.999969
0.999969
0.199982
-0.999969
-0.999969
-0.999969
-0.284637
0.385986
0.402100
0.022888
-0.144775
0.261780
0.992737
0.999969
0.867310
-0.377075
-0.999969
-0.999969
-0.999969
0.102875
0.999969
0.999969
0.765839
0.060547
-0.168396
0.123871
0.435333
0.212067
-0.602936
-0.999969
-0.999969
-0.719696
0.704834
0.999969
0.999969
0.892120
-0.324432
-0.999969
-0.887878
-0.328735
0.008392
-0.200592
-0.665588
-0.758789
-0.109131
0.999969
0.999969
0.999969
0.452972
-0.978271
-0.999969
-0.999969
-0.522827
0.405090
0.683899
0.358185
-0.012573
0.094452
0.666107
0.999969
0.907074
-0.130859
-0.999969
-0.999969
-0.999969
-0.136810
0.999969
0.999969
0.999969
0.213440
-0.312500
-0.216156
0.157715
0.204010
-0.351349
-0.999969
-0.999969
-0.872772
0.447693
0.999969
0.999969
0.999969
-0.150452
-0.999969
-0.999969
-0.616150
-0.028595
0.047852
-0.322327
-0.582520
-0.221436
0.713654
0.999969
0.999969
0.682587
-0.765350
-0.999969
-0.999969
-0.794586
0.336548
0.897980
0.702393
0.197144
0.007324
0.354065
0.851288
0.856750
0.074951
-0.999969
-0.999969
-0.999969
-0.392120
0.999969
0.999969
0.999969
0.431824
-0.369110
-0.520630
-0.166260
0.106873
-0.156036
-0.831177
-0.999969
-0.949432
0.193176
0.999969
0.999969
0.999969
0.075195
-0.999969
-0.999969
-0.930206
-0.150360
0.225494
0.024261
-0.331207
-0.249969
0.447113
0.999969
0.999969
0.863647
-0.516602
-0.999969
-0.999969
-0.999969
0.190186
0.999969
0.999969
0.467316
0.008209
0.082672
0.518860
0.716675
0.218170
-0.824127
-0.999969
-0.999969
-0.635651
0.817413
0.999969
0.999969
0.694397
-0.336334
-0.766052
-0.511078
-0.072998
-0.035187
-0.511536
-0.999969
-0.938385
-0.031769
0.999969
0.999969
0.999969
0.327881
-0.999969
-0.999969
-0.999969
-0.345001
0.319061
0.346771
-0.023529
-0.189209
0.227234
0.992859
0.999969
0.975342
-0.258698
-0.999969
-0.999969
-0.999969
-0.016968
0.999969
0.999969
0.775299
0.096680
-0.125824
0.171021
0.495361
0.282440
-0.547302
-0.999969
-0.999969
-0.841003
0.581909
0.999969
0.999969
0.975647
-0.220642
-0.934387
-0.849152
-0.321594
0.000061
-0.221527
-0.710907
-0.836334
-0.203003
0.932159
0.999969
0.999969
0.580566
-0.859375
-0.999969
-0.999969
-0.593628
0.323120
0.619995
0.316528
-0.041931
0.074738
0.670776
0.999969
0.999969
-0.019012
-0.999969
-0.999969
-0.999969
-0.262115
0.999969
0.999969
0.999969
0.264069
-0.255188
-0.164551
0.208740
0.258728
-0.306732
-0.999969
-0.999969
-0.985199
0.325562
0.999969
0.999969
0.999969
-0.036102
-0.999969
-0.999969
-0.618439
-0.053467
0.014648
-0.367249
-0.648224
-0.301453
0.650024
0.999969
0.999969
0.806061
-0.641663
-0.999969
-0.999969
-0.872314
0.240570
0.823242
0.661926
0.181091
0.003937
0.366852
0.895935
0.940247
0.176849
-0.999969
-0.999969
-0.999969
-0.519043
0.889618
0.999969
0.999969
0.494324
-0.296448
-0.461426
-0.121246
0.146179
-0.125244
-0.829498
-0.999969
-0.999969
0.075745
0.999969
0.999969
0.999969
0.196777
-0.999969
-0.999969
-0.938477
-0.190613
0.177948
-0.023804
-0.386993
-0.314789
0.392975
0.999969
0.999969
0.979675
-0.391846
-0.999969
-0.999969
-0.999969
0.082275
0.942291
0.985199
0.461975
0.021606
0.106689
0.561829
0.788025
0.307312
-0.753235
-0.999969
-0.999969
-0.760284
0.694061
0.999969
0.999969
0.765442
-0.248932
-0.696686
-0.468628
-0.047760
-0.020172
-0.516541
-0.999969
-0.999969
-0.140839
0.999969
0.999969
0.999969
0.452972
-0.906830
-0.999969
-0.999969
-0.398407
0.256134
0.292206
-0.072144
-0.238525
0.185760
0.985291
0.999969
0.999969
-0.136749
-0.999969
-0.999969
-0.999969
-0.133789
0.970551
0.999969
0.777344
0.126099
-0.088135
0.215820
0.556061
0.356995
-0.484344
-0.999969
-0.999969
-0.959747
0.455597
0.999969
0.999969
0.999969
-0.120087
-0.853119
-0.805756
-0.308167
-0.001648
-0.236603
-0.752197
-0.913208
-0.300598
0.854919
0.999969
0.999969
0.705231
-0.737366
-0.999969
-0.999969
-0.657166
0.244904
0.556030
0.271759
-0.076569
0.048279
0.668457
0.999969
0.999969
0.096313
-0.999969
-0.999969
-0.999969
-0.384308
0.909821
0.999969
0.999969
0.307739
-0.202271
-0.114441
0.261200
0.317902
-0.255096
-0.999969
-0.999969
-0.999969
0.200165
0.999969
0.999969
0.999969
0.074951
-0.920776
-0.999969
-0.613770
-0.071655
-0.013275
-0.409058
-0.713898
-0.385284
0.579010
0.999969
0.999969
0.926575
-0.514954
-0.999969
-0.999969
-0.942413
0.148193
0.747803
0.617554
0.159210
-0.006073
0.373260
0.935852
0.999969
0.282104
-0.952911
-0.999969
-0.999969
-0.642700
0.769958
0.999969
0.999969
0.549561
-0.227905
-0.402893
-0.073914
0.190369
-0.087677
-0.820312
-0.999969
-0.999969
-0.044800
0.999969
0.999969
0.999969
0.315002
-0.897766
-0.999969
-0.939056
-0.223999
0.135254
-0.069611
-0.443481
-0.383606
0.331818
0.999969
0.999969
0.999969
-0.264130
-0.999969
-0.999969
-0.999969
-0.022003
0.854248
0.937744
0.450134
0.028290
0.124939
0.600952
0.858643
0.399902
-0.674988
-0.999969
-0.999969
-0.881561
0.568024
0.999969
0.999969
0.828888
-0.165436
-0.627289
-0.422974
-0.017181
0.001465
-0.514709
-0.999969
-0.999969
-0.252930
0.999969
0.999969
0.999969
0.574554
-0.790466
-0.999969
-0.999969
-0.444641
0.197723
0.239044
-0.122345
-0.292206
0.137512
0.969788
0.999969
0.999969
-0.011993
-0.999969
-0.999969
-0.999969
-0.246948
0.869904
0.999969
0.772217
0.148682
-0.055695
0.257629
0.616730
0.435150
-0.414337
-0.999969
-0.999969
-0.999969
0.326721
0.999969
0.999969
0.999969
-0.023468
-0.771271
-0.758301
-0.288757
0.003296
-0.245422
-0.788910
-0.988678
-0.401245
0.770294
0.999969
0.999969
0.826263
-0.613037
-0.999969
-0.999969
-0.713165
0.170959
0.492767
0.224579
-0.116089
0.015228
0.658813
0.999969
0.999969
0.214325
-0.999969
-0.999969
-0.999969
-0.502686
0.797668
0.999969
0.999969
0.344299
-0.154266
-0.066498
0.314453
0.380981
-0.196655
-0.999969
-0.999969
-0.999969
0.072327
0.999969
0.999969
0.999969
0.182007
-0.825958
-0.999969
-0.602448
-0.083130
-0.035492
-0.447113
-0.778809
-0.472321
0.500916
0.999969
0.999969
0.999969
-0.385986
-0.999969
-0.999969
-0.999969
0.060059
0.672424
0.569824
0.131897
-0.022644
0.373016
0.970490
0.999969
0.390076
-0.862854
-0.999969
-0.999969
-0.762390
0.648407
0.999969
0.999969
0.597351
-0.164032
-0.345734
-0.024902
0.238861
-0.043518
-0.803436
-0.999969
-0.999969
-0.167725
0.999969
0.999969
0.999969
0.429077
-0.790588
-0.999969
-0.932312
-0.250366
0.097809
-0.112549
-0.500031
-0.455872
0.263855
0.999969
0.999969
0.999969
-0.134308
-0.999969
-0.999969
-0.999969
-0.122040
0.765778
0.886139
0.432159
0.028351
0.137085
0.635590
0.927795
0.495239
-0.589722
-0.999969
-0.999969
-0.998749
0.440094
0.999969
0.999969
0.884491
-0.086517
-0.558563
-0.374756
0.018341
0.029602
-0.505798
-0.999969
-0.999969
-0.367340
0.950592
0.999969
0.999969
0.691833
-0.672668
-0.999969
-0.999969
-0.483521
0.144287
0.187958
-0.173401
-0.349731
0.082703
0.946259
0.999969
