0.000000
0.999969
0.999969
0.999969
0.050903
-0.881805
-0.999969
-0.531708
-0.025116
0.025116
-0.304077
-0.491394
-0.094360
0.779510
0.999969
0.999969
0.244019
-0.999969
-0.999969
-0.999969
-0.313080
0.999969
0.999969
0.999969
0.213837
-0.428833
-0.445740
-0.097595
0.052368
-0.294159
-0.859894
-0.999969
-0.375763
0.813721
0.999969
0.999969
0.583313
-0.919800
-0.999969
-0.999969
-0.529999
0.611908
0.999969
0.775665
0.188385
-0.077332
0.141388
0.453613
0.315125
-0.416168
-0.999969
-0.999969
-0.745056
0.654541
0.999969
0.999969
0.867798
-0.570862
-0.999969
-0.999969
-0.576141
0.257050
0.527252
0.259125
-0.037964
0.102936
0.638580
0.999969
0.707153
-0.336243
-0.999969
-0.999969
-0.999969
0.364655
0.999969
0.999969
0.999969
-0.227631
-0.999969
-0.981354
-0.415222
0.040375
0.001221
-0.339783
-0.430756
0.083282
0.964661
0.999969
0.999969
-0.096069
-0.999969
-0.999969
-0.999969
0.034973
0.999969
0.999969
0.947754
0.015350
-0.517670
-0.419952
-0.057648
0.012604
-0.401001
-0.917938
-0.915771
-0.117889
0.999969
0.999969
0.999969
0.226105
-0.999969
-0.999969
-0.999969
-0.235687
0.818726
0.999969
0.670258
0.088379
-0.087433
0.185364
0.441071
0.179413
-0.614746
-0.999969
-0.999969
-0.439301
0.977417
0.999969
0.999969
0.532867
-0.873383
-0.999969
-0.999969
-0.362701
0.399567
0.538940
0.208923
-0.037903
0.190033
0.730286
0.992218
0.500031
-0.618408
-0.999969
-0.999969
-0.790558
0.716705
0.999969
0.999969
0.729553
-0.489807
-0.999969
-0.910156
-0.294647
0.091309
-0.031128
-0.362671
-0.345764
0.269775
0.999969
0.999969
0.896423
-0.437714
-0.999969
-0.999969
-0.999969
0.377563
0.999969
0.999969
0.745331
-0.172241
-0.579926
-0.379547
-0.024902
-0.040894
-0.503815
-0.945679
-0.774170
0.153107
0.999969
0.999969
0.999969
-0.139557
-0.999969
-0.999969
-0.999969
0.058777
0.989990
0.999969
0.549225
-0.001801
-0.083435
0.225677
0.406464
0.025696
-0.801819
-0.999969
-0.999969
-0.113068
0.999969
0.999969
0.999969
0.183075
-0.999969
-0.999969
-0.999969
-0.147308
0.517761
0.528229
0.157471
-0.023895
0.282593
0.801605
0.921021
0.266785
-0.887146
-0.999969
-0.999969
-0.446991
0.999969
0.999969
0.999969
0.432098
-0.726929
-0.999969
-0.811798
-0.175446
0.126465
-0.068817
-0.369568
-0.238068
0.458282
0.999969
0.999969
0.616425
-0.768982
-0.999969
-0.999969
-0.750244
0.702911
0.999969
0.999969
0.526001
-0.342560
-0.615204
-0.328308
-0.002075
-0.106232
-0.597382
-0.939941
-0.598083
0.427856
0.999969
0.999969
0.981659
-0.501038
-0.999969
-0.999969
-0.929840
0.343109
0.999969
0.999969
0.418427
-0.078827
-0.067108
0.258514
0.349152
-0.140961
-0.969696
-0.999969
-0.999969
0.222504
0.999969
0.999969
0.999969
-0.169373
-0.999969
-0.999969
-0.918823
0.062164
0.608734
0.497742
0.108582
0.004150
0.376221
0.847961
0.812347
0.014954
-0.999969
-0.999969
-0.999969
-0.086731
0.999969
0.999969
0.999969
0.127045
-0.931488
-0.999969
-0.691711
-0.062561
0.145538
-0.108246
-0.357971
-0.110474
0.641602
0.999969
0.999969
0.309509
-0.999969
-0.999969
-0.999969
-0.405121
0.999969
0.999969
0.999969
0.298340
-0.490356
-0.624207
-0.270294
0.008728
-0.180542
-0.676514
-0.898895
-0.392578
0.696533
0.999969
0.999969
0.657562
-0.845825
-0.999969
-0.999969
-0.635345
0.607666
0.999969
0.951447
0.283844
-0.140228
-0.040833
0.280334
0.269592
-0.314667
-0.999969
-0.999969
-0.771606
0.555817
0.999969
0.999969
0.960022
-0.512329
-0.999969
-0.999969
-0.699341
0.258423
0.670807
0.450928
0.065796
0.045471
0.466187
0.865509
0.668335
-0.246918
-0.999969
-0.999969
-0.999969
0.277802
0.999969
0.999969
0.999969
-0.174835
-0.999969
-0.999969
-0.555786
0.039581
0.149170
-0.145721
-0.326355
0.033142
0.812286
0.999969
0.999969
-0.014038
-0.999969
-0.999969
-0.999969
-0.048981
0.999969
0.999969
0.999969
0.070770
-0.611359
-0.608856
-0.209717
0.006287
-0.260315
-0.736328
-0.821991
-0.164001
0.949280
0.999969
0.999969
0.309021
-0.999969
-0.999969
-0.999969
-0.325531
0.843811
0.999969
0.837921
0.151154
-0.184601
-0.007629
0.288025
0.169312
-0.488892
-0.999969
-0.999969
-0.488800
0.875122
0.999969
0.999969
0.625916
-0.834076
-0.999969
-0.999969
-0.464600
0.434998
0.703674
0.391693
0.032074
0.098358
0.547516
0.851501
0.492767
-0.509674
-0.999969
-0.999969
-0.853119
0.633972
0.999969
0.999969
0.840393
-0.463104
-0.999969
-0.999969
-0.410309
0.127502
0.138916
-0.177460
-0.273956
0.187927
0.963104
0.999969
0.901764
-0.343140
-0.999969
-0.999969
-0.999969
0.305786
0.999969
0.999969
0.877930
-0.148529
-0.702698
-0.571899
-0.150665
-0.009766
-0.341492
-0.772552
-0.710114
0.080139
0.999969
0.999969
0.999969
-0.052124
-0.999969
-0.999969
-0.999969
-0.011383
0.999969
0.999969
0.702332
0.025726
-0.211426
0.029022
0.279175
0.051056
-0.656708
-0.999969
-0.999969
-0.182800
0.999969
0.999969
0.999969
0.272461
-0.999969
-0.999969
-0.999969
-0.223541
0.586395
0.708160
0.324402
0.009735
0.160248
0.615356
0.804260
0.290680
-0.763763
-0.999969
-0.999969
-0.522156
0.969452
0.999969
0.999969
0.531921
-0.728149
-0.999969
-0.982941
-0.261566
0.198456
0.117096
-0.200012
-0.201263
0.348236
0.999969
0.999969
0.647095
-0.666290
-0.999969
-0.999969
-0.840240
0.647003
0.999969
0.999969
0.641815
-0.352081
-0.762756
-0.516968
-0.096863
-0.038879
-0.419556
-0.781647
-0.565643
0.331482
0.999969
0.999969
0.999969
-0.413330
-0.999969
-0.999969
-0.999969
0.296112
0.999969
0.999969
0.551056
-0.087891
-0.221252
0.065430
0.252136
-0.081512
-0.811157
-0.999969
-0.999969
0.136078
0.999969
0.999969
0.999969
-0.087952
-0.999969
-0.999969
-0.999969
0.015076
0.708466
0.686310
0.253479
0.000244
0.227905
0.665131
0.723511
0.068451
-0.999695
-0.999969
-0.999969
-0.170746
0.999969
0.999969
0.999969
0.211273
-0.961273
-0.999969
-0.853363
-0.115662
0.250885
0.086670
-0.210297
-0.109650
0.507874
0.999969
0.999969
0.363556
-0.972046
-0.999969
-0.999969
-0.495911
0.962982
0.999969
0.999969
0.392395
-0.533234
-0.791321
-0.448273
-0.051514
-0.079590
-0.489868
-0.761139
-0.392395
0.581024
0.999969
0.999969
0.721375
-0.762115
-0.999969
-0.999969
-0.741180
0.586426
0.999969
0.999969
0.390686
-0.185822
-0.215515
0.097931
0.206177
-0.223785
-0.945343
-0.999969
-0.781128
0.456818
0.999969
0.999969
0.999969
-0.442932
-0.999969
-0.999969
-0.825195
0.242859
0.798309
0.641144
0.183197
0.004181
0.297516
0.692902
0.610352
-0.166504
-0.999969
-0.999969
-0.999969
0.189056
0.999969
0.999969
0.999969
-0.110229
-0.999969
-0.999969
-0.701721
0.021881
0.284119
0.051025
-0.205811
-0.001740
0.660248
0.999969
0.999969
0.060455
-0.999969
-0.999969
-0.999969
-0.136230
0.999969
0.999969
0.999969
0.138947
-0.686523
-0.789459
-0.370331
-0.017181
-0.129608
-0.547882
-0.709595
-0.195465
0.819611
0.999969
0.999969
0.385681
-0.999969
-0.999969
-0.999969
-0.420135
0.849884
0.999969
0.999969
0.227936
-0.265259
-0.196472
0.122986
0.141632
-0.370331
-0.999969
-0.999969
-0.524200
0.768127
0.999969
0.999969
0.714081
-0.780212
-0.999969
-0.999969
-0.573090
0.452118
0.854462
0.576538
0.117554
0.021271
0.364838
0.695343
0.467285
-0.406006
-0.999969
-0.999969
-0.902191
0.544861
0.999969
0.999969
0.948181
-0.421417
-0.999969
-0.999969
-0.534760
0.146118
0.298615
0.013855
-0.184906
0.119049
0.798737
0.999969
0.888397
-0.251831
-0.999969
-0.999969
-0.999969
0.226379
0.999969
0.999969
0.999969
-0.109436
-0.807800
-0.759369
-0.287872
0.004425
-0.185974
-0.589264
-0.626953
0.018860
0.999969
0.999969
0.999969
0.033600
-0.999969
-0.999969
-0.999969
-0.090363
0.999969
0.999969
0.857635
0.069153
-0.324402
-0.167023
0.137512
0.059784
-0.515289
-0.999969
-0.999969
-0.241913
0.999969
0.999969
0.999969
0.361542
-0.999969
-0.999969
-0.999969
-0.309937
0.636139
0.876862
0.496948
0.060028
0.050323
0.425507
0.670197
0.298096
-0.641388
-0.999969
-0.999969
-0.587769
0.884277
0.999969
0.999969
0.633026
-0.711731
-0.999969
-0.999969
-0.359528
0.253082
0.295715
-0.021149
-0.146729
0.248291
0.916931
0.999969
0.661407
-0.562500
-0.999969
-0.999969
-0.921906
0.579376
0.999969
0.999969
0.760925
-0.344177
-0.894257
-0.704376
-0.205475
0.012451
-0.245087
-0.610260
-0.514374
0.243286
0.999969
0.999969
0.999969
-0.322815
-0.999969
-0.999969
-0.999969
0.236572
0.999969
0.999969
0.689514
-0.079773
-0.362549
-0.130615
0.138977
-0.036987
-0.652405
-0.999969
-0.967133
0.056305
0.999969
0.999969
0.999969
-0.002350
-0.999969
-0.999969
-0.999969
-0.045349
0.789490
0.866821
0.407196
0.013458
0.089264
0.475220
0.616241
0.107910
-0.863770
-0.999969
-0.999969
-0.249481
0.999969
0.999969
0.999969
0.301086
-0.971558
-0.999969
-0.999969
-0.183075
0.339722
0.277679
-0.050446
-0.091461
0.380920
0.999969
0.999969
0.404205
-0.860474
-0.999969
-0.999969
-0.582764
0.910645
0.999969
0.999969
0.493683
-0.557434
-0.944611
-0.628632
-0.127411
0.006989
-0.303009
-0.607880
-0.374420
0.469910
0.999969
0.999969
0.772491
-0.671143
-0.999969
-0.999969
-0.844727
0.549438
0.999969
0.999969
0.506805
-0.213684
-0.380066
-0.090881
0.125580
-0.145416
-0.775513
-0.999969
-0.772491
0.360229
0.999969
0.999969
0.999969
-0.364960
-0.999969
-0.999969
-0.950928
0.211365
0.908051
0.826843
0.312286
-0.020233
0.135315
0.509888
0.533508
-0.097107
-0.999969
-0.999969
-0.999969
0.101166
0.999969
0.999969
0.999969
-0.035980
-0.999969
-0.999969
-0.850281
-0.012054
0.404144
0.247437
-0.070831
-0.020294
0.511322
0.999969
0.999969
0.125153
-0.999969
-0.999969
-0.999969
-0.224060
0.999969
0.999969
0.999969
0.217957
-0.742554
-0.959045
-0.536865
-0.057404
-0.011078
-0.355560
-0.579956
-0.210938
0.690277
0.999969
0.999969
0.453644
-0.999268
-0.999969
-0.999969
-0.516907
0.837708
0.999969
0.999969
0.316956
-0.328430
-0.378265
-0.051605
0.096405
-0.261414
-0.878540
-0.999969
-0.543854
0.659210
0.999969
0.999969
0.794800
-0.713837
-0.999969
-0.999969
-0.685577
0.451385
0.989227
0.760498
0.217072
-0.039917
0.185211
0.525970
0.423279
-0.309875
-0.999969
-0.999969
-0.935913
0.452057
0.999969
0.999969
0.999969
-0.366425
-0.999969
-0.999969
-0.665558
0.147339
0.445587
0.208405
-0.079681
0.064728
0.633698
0.999969
0.855621
-0.166382
-0.999969
-0.999969
-0.999969
0.141876
0.999969
0.999969
0.999969
-0.056396
-0.894043
-0.939087
-0.434265
0.001465
-0.039856
-0.398621
-0.525452
-0.028931
0.895996
0.999969
0.999969
0.114868
-0.999969
-0.999969
-0.999969
-0.175812
0.999969
0.999969
0.999969
0.127319
-0.420868
-0.359436
-0.016449
0.051392
-0.380157
-0.955994
-0.999969
-0.288361
0.942474
0.999969
0.999969
0.447571
-0.999969
-0.999969
-0.999969
-0.404266
0.666870
0.999969
0.672241
0.126160
-0.045410
0.235138
0.520569
0.288147
-0.522705
-0.999969
-0.999969
-0.641510
0.790985
0.999969
0.999969
0.732697
-0.678925
-0.999969
-0.999969
-0.467255
0.289795
0.464386
0.164337
-0.075073
0.160492
0.742096
0.999969
0.658081
-0.460297
-0.999969
-0.999969
-0.992737
0.502350
0.999969
0.999969
0.880646
-0.319794
-0.999969
-0.887573
-0.326111
0.046967
-0.076843
-0.428314
-0.444458
0.165558
0.999969
0.999969
0.999969
-0.232208
-0.999969
-0.999969
-0.999969
0.166565
0.999969
0.999969
0.831146
-0.055084
-0.489014
-0.326538
0.011292
-0.008453
-0.496368
-0.999969
-0.909760
-0.014404
0.999969
0.999969
0.999969
0.084778
-0.999969
-0.999969
-0.999969
-0.117279
0.851135
0.999969
0.567200
0.043549
-0.037476
0.281128
0.491730
0.131866
-0.727509
-0.999969
-0.999969
-0.320312
0.999969
0.999969
0.999969
0.393890
-0.963043
-0.999969
-0.999969
-0.263214
0.410980
0.461884
0.119171
-0.055878
0.263184
0.830963
0.999969
0.429749
-0.746155
-0.999969
-0.999969
-0.663055
0.844971
0.999969
0.999969
0.599731
-0.563354
-0.999969
-0.808441
-0.217590
0.077759
-0.118866
-0.441284
-0.338287
0.365692
0.999969
0.999969
0.808990
-0.575623
-0.999969
-0.999969
-0.943298
0.498444
0.999969
0.999969
0.629822
-0.223877
-0.532013
-0.283112
0.028839
-0.081268
-0.604584
-0.999969
-0.744904
0.268707
0.999969
0.999969
0.999969
-0.281006
-0.999969
-0.999969
-0.999969
0.165283
0.998840
0.999969
0.450867
-0.027435
-0.017731
0.319305
0.438477
-0.040680
-0.916229
-0.999969
-0.999969
0.016815
0.999969
0.999969
0.999969
0.045563
-0.999969
-0.999969
-0.998688
-0.061188
0.507660
0.440460
0.076630
-0.021881
0.368286
0.895142
0.934753
0.177887
-0.999969
-0.999969
-0.999969
-0.309784
0.999969
0.999969
0.999969
0.305603
-0.779175
-0.999969
-0.706512
-0.113617
0.093445
-0.162354
-0.434723
-0.209473
0.564026
0.999969
0.999969
0.510559
-0.903290
-0.999969
-0.999969
-0.613098
0.808502
0.999969
0.999969
0.416290
-0.373566
-0.550293
-0.233063
0.034058
-0.164246
-0.699280
-0.992645
-0.546448
0.551086
0.999969
0.999969
0.865540
-0.637177
-0.999969
-0.999969
-0.799377
0.433655
0.999969
0.940521
0.328918
-0.084290
0.011475
0.345856
0.360901
-0.223602
-0.999969
-0.999969
-0.952606
0.358307
0.999969
0.999969
0.999969
-0.300140
-0.999969
-0.999969
-0.800079
0.131622
0.577789
0.403107
0.040161
0.026154
0.470886
0.930298
0.803162
-0.089203
-0.999969
-0.999969
-0.999969
0.054901
0.999969
0.999969
0.999969
0.008820
-0.960632
-0.999969
-0.587280
-0.018494
0.094574
-0.203522
-0.406769
-0.061707
0.752899
0.999969
0.999969
0.189178
-0.999969
-0.999969
-0.999969
-0.265137
0.999969
0.999969
0.999969
0.198730
-0.499664
-0.545288
-0.180389
0.025696
-0.253815
-0.775146
-0.931335
-0.320374
0.822571
0.999969
0.999969
0.527924
-0.971466
-0.999969
-0.999969
-0.504089
0.678864
0.999969
0.847351
0.206848
-0.125458
0.047180
0.357513
0.260345
-0.410309
-0.999969
-0.999969
-0.681366
0.692291
0.999969
0.999969
0.828217
-0.631378
-0.999969
-0.999969
-0.582428
0.308563
0.620575
0.353577
0.012817
0.086578
0.565796
0.933014
0.636322
-0.362366
-0.999969
-0.999969
-0.999969
0.418396
0.999969
0.999969
0.998138
-0.280243
-0.999969
-0.999969
-0.456573
0.064209
0.082581
-0.238556
-0.356476
0.100220
0.924591
0.999969
0.999969
-0.144257
-0.999969
-0.999969
-0.999969
0.088440
0.999969
0.999969
0.973145
-0.014801
-0.598877
-0.519379
-0.129059
0.003296
-0.345795
-0.827454
-0.832520
-0.073914
0.999969
0.999969
0.999969
0.170746
-0.999969
-0.999969
-0.999969
-0.198578
0.893066
0.999969
0.730713
0.089813
-0.150330
0.085907
0.351624
0.139282
-0.593719
-0.999969
-0.999969
-0.380981
0.999969
0.999969
0.999969
0.487030
-0.936829
-0.999969
-0.999969
-0.354218
0.463989
0.636505
0.295868
-0.003174
0.156860
0.647827
0.901062
0.438873
-0.631866
-0.999969
-0.999969
-0.734192
0.768158
0.999969
0.999969
0.707855
-0.551697
-0.999969
-0.984711
-0.320435
0.131744
0.059662
-0.263763
-0.283966
0.270752
0.999969
0.999969
0.829163
-0.478210
-0.999969
-0.999969
-0.999969
0.435394
0.999969
0.999969
0.757141
-0.216766
-0.669250
-0.475861
-0.082703
-0.032654
-0.435516
-0.852203
-0.698029
0.184723
0.999969
0.999969
0.999969
-0.193665
-0.999969
-0.999969
-0.999969
0.106354
0.999969
0.999969
0.596497
-0.017517
-0.159302
0.123993
0.326324
0.001251
-0.766449
-0.999969
-0.999969
-0.061462
0.999969
0.999969
0.999969
0.131866
-0.999969
-0.999969
-0.999969
-0.124023
0.593353
0.627136
0.234253
-0.006287
0.233673
0.712036
0.833618
0.216858
-0.887878
-0.999969
-0.999969
-0.390747
0.999969
0.999969
0.999969
0.399506
-0.796631
-0.999969
-0.876404
-0.184692
0.182373
0.028656
-0.275970
-0.190491
0.443481
0.999969
0.999969
0.554352
-0.800995
-0.999969
-0.999969
-0.705994
0.763794
0.999969
0.999969
0.523621
-0.400421
-0.709991
-0.418549
-0.044556
-0.080688
-0.518127
-0.846283
-0.531097
0.446472
0.999969
0.999969
0.923981
-0.552734
-0.999969
-0.999969
-0.911774
0.400085
0.999969
0.999969
0.450989
-0.111359
-0.153625
0.157684
0.280609
-0.149200
-0.921265
-0.999969
-0.951019
0.266266
0.999969
0.999969
0.999969
-0.224884
-0.999969
-0.999969
-0.935577
0.099854
0.693390
