0.000000
0.999969
0.999969
0.999969
-0.162048
-0.999969
-0.999969
-0.643890
0.165436
0.512177
0.326508
0.028564
0.063110
0.443207
0.721344
0.419373
-0.465790
-0.999969
-0.999969
-0.575897
0.869843
0.999969
0.999969
0.462982
-0.999969
-0.999969
-0.999969
-0.221069
0.880371
0.999969
0.730377
0.030670
-0.311127
-0.171783
0.074341
-0.020477
-0.498718
-0.909607
-0.707916
0.203278
0.999969
0.999969
0.987854
-0.468781
-0.999969
-0.999969
-0.891357
0.636841
0.999969
0.999969
0.544861
-0.547089
-0.999969
-0.727753
-0.153137
0.144928
0.006104
-0.228546
-0.098755
0.476318
0.999969
0.999969
0.127106
-0.999969
-0.999969
-0.999969
0.020111
0.999969
0.999969
0.999969
-0.195862
-0.999969
-0.999969
-0.787659
0.233368
0.784241
0.647827
0.195190
-0.035461
0.142426
0.410492
0.284698
-0.367828
-0.999969
-0.999969
-0.500946
0.820496
0.999969
0.999969
0.442932
-0.999969
-0.999969
-0.999969
-0.228149
0.999969
0.999969
0.936401
0.033417
-0.543610
-0.510223
-0.159576
-0.002838
-0.247955
-0.592621
-0.518982
0.174408
0.999969
0.999969
0.888184
-0.458954
-0.999969
-0.999969
-0.885468
0.680908
0.999969
0.999969
0.603516
-0.663452
-0.999969
-0.987793
-0.232178
0.320129
0.340149
0.058075
-0.035797
0.289490
0.746552
0.776703
0.093079
-0.966736
-0.999969
-0.999969
0.038452
0.999969
0.999969
0.999969
-0.226532
-0.999969
-0.999969
-0.903961
0.299957
0.999969
0.948334
0.350067
-0.139618
-0.165680
0.089783
0.147583
-0.253296
-0.845886
-0.999969
-0.415161
0.743835
0.999969
0.999969
0.410370
-0.999969
-0.999969
-0.999969
-0.225342
0.999969
0.999969
0.999969
0.029205
-0.764557
-0.833466
-0.383636
0.021881
0.014557
-0.258881
-0.319733
0.134644
0.869263
0.999969
0.765381
-0.432770
-0.999969
-0.999969
-0.853394
0.705688
0.999969
0.999969
0.640839
-0.764221
-0.999969
-0.999969
-0.298279
0.491516
0.665619
0.339050
0.021393
0.088593
0.421295
0.531677
0.061768
-0.802704
-0.999969
-0.999969
0.053284
0.999969
0.999969
0.999969
-0.251953
-0.999969
-0.999969
-0.990051
0.362488
0.999969
0.999969
0.488831
-0.246155
-0.471924
-0.231140
0.012390
-0.125214
-0.549377
-0.757233
-0.321960
0.641296
0.999969
0.999969
0.367401
-0.999969
-0.999969
-0.999969
-0.213806
0.999969
0.999969
0.999969
0.018799
-0.967041
-0.999969
-0.591400
0.052826
0.281097
0.081726
-0.116394
0.084564
0.618683
0.967377
0.623962
-0.389954
-0.999969
-0.999969
-0.797150
0.709320
0.999969
0.999969
0.656708
-0.845459
-0.999969
-0.999969
-0.350067
0.653625
0.972717
0.606171
0.071045
-0.120453
0.082794
0.275085
0.034790
-0.610748
-0.999969
-0.939972
0.063080
0.999969
0.999969
0.999969
-0.270264
-0.999969
-0.999969
-0.999969
0.418152
0.999969
0.999969
0.607880
-0.351501
-0.767090
-0.542755
-0.116699
0.012939
-0.234314
-0.465973
-0.224823
0.515167
0.999969
0.999969
0.316437
-0.999969
-0.999969
-0.999969
-0.195068
0.999969
0.999969
0.999969
0.003418
-0.999969
-0.999969
-0.776978
0.088806
0.543610
0.418976
0.084778
0.025299
0.346222
0.662018
0.468811
-0.330872
-0.999969
-0.999969
-0.719482
0.690582
0.999969
0.999969
0.651794
-0.903809
-0.999969
-0.999969
-0.386780
0.801025
0.999969
0.851593
0.111908
-0.331421
-0.258881
0.014801
0.013367
-0.396149
-0.834442
-0.742859
0.066589
0.999969
0.999969
0.999969
-0.279663
-0.999969
-0.999969
-0.999969
0.464264
0.999969
0.999969
0.704254
-0.451965
-0.999969
-0.835815
-0.235931
0.157043
0.089966
-0.163971
-0.127197
0.368591
0.955841
0.999969
0.260010
-0.941956
-0.999969
-0.999969
-0.170837
0.999969
0.999969
0.999969
-0.015533
-0.999969
-0.999969
-0.935272
0.128296
0.794098
0.742859
0.277740
-0.041565
0.059814
0.338593
0.305145
-0.256592
-0.999969
-0.999969
-0.623657
0.648987
0.999969
0.999969
0.627289
-0.936493
-0.999969
-0.999969
-0.408203
0.928680
0.999969
0.999969
0.143097
-0.537872
-0.593536
-0.241302
-0.001526
-0.164978
-0.510986
-0.528015
0.062836
0.960449
0.999969
0.994019
-0.278748
-0.999969
-0.999969
-0.999969
0.498413
0.999969
0.999969
0.775818
-0.543884
-0.999969
-0.999969
-0.342041
0.302734
0.413818
0.139648
-0.032318
0.205475
0.653015
0.770416
0.200684
-0.820160
-0.999969
-0.999969
-0.143066
0.999969
0.999969
0.999969
-0.036377
-0.999969
-0.999969
-0.999969
0.169464
0.999969
0.999969
0.456909
-0.114014
-0.232086
0.006836
0.138214
-0.168732
-0.739075
-0.999969
-0.513489
0.584747
0.999969
0.999969
0.585114
-0.941498
-0.999969
-0.999969
-0.414703
0.999969
0.999969
0.999969
0.164246
-0.733337
-0.911163
-0.485718
-0.009399
0.076019
-0.172516
-0.302246
0.051208
0.748932
0.999969
0.848541
-0.266449
-0.999969
-0.999969
-0.999969
0.518372
0.999969
0.999969
0.821381
-0.623688
-0.999969
-0.999969
-0.432251
0.445374
0.727539
0.435852
0.056763
0.030396
0.329407
0.503204
0.141022
-0.670013
-0.999969
-0.999969
-0.113678
0.999969
0.999969
0.999969
-0.057312
-0.999969
-0.999969
-0.999969
0.210236
0.999969
0.999969
0.617310
-0.189636
-0.520752
-0.323334
-0.026764
-0.069427
-0.450226
-0.714508
-0.392975
0.498932
0.999969
0.999969
0.527618
-0.917603
-0.999969
-0.999969
-0.407227
0.999969
0.999969
0.999969
0.175507
-0.911438
-0.999969
-0.711273
-0.010132
0.319702
0.170898
-0.072571
0.031586
0.511322
0.907257
0.681885
-0.242126
-0.999969
-0.999969
-0.942902
0.522461
0.999969
0.999969
0.840515
-0.688019
-0.999969
-0.999969
-0.504578
0.580231
0.999969
0.715881
0.137451
-0.151520
-0.005402
0.224792
0.083405
-0.495392
-0.999969
-0.979584
-0.084625
0.999969
0.999969
0.999969
-0.076599
-0.999969
-0.999969
-0.999969
0.248474
0.999969
0.999969
0.754547
-0.265808
-0.797424
-0.642120
-0.184784
0.038483
-0.145142
-0.406799
-0.266388
0.393341
0.999969
0.999969
0.457550
-0.864532
-0.999969
-0.999969
-0.387085
0.999969
0.999969
0.999969
0.177368
-0.999969
-0.999969
-0.911621
-0.004028
0.558716
0.509033
0.154053
0.004181
0.254425
0.591248
0.499634
-0.205627
-0.999969
-0.999969
-0.846924
0.509369
0.999969
0.999969
0.833710
-0.733948
-0.999969
-0.999969
-0.557556
0.702667
0.999969
0.971558
0.207581
-0.334808
-0.341431
-0.056274
0.029968
-0.301025
-0.749634
-0.758667
-0.057739
0.997437
0.999969
0.999969
-0.092407
-0.999969
-0.999969
-0.999969
0.282013
0.999969
0.999969
0.865234
-0.339661
-0.999969
-0.940063
-0.331268
0.151917
0.167206
-0.089508
-0.137970
0.270508
0.855255
0.999969
0.377991
-0.782867
-0.999969
-0.999969
-0.356110
0.999969
0.999969
0.999969
0.170837
-0.999969
-0.999969
-0.999969
0.008179
0.785614
0.831787
0.370850
-0.030304
-0.014282
0.258636
0.307709
-0.157318
-0.886230
-0.999969
-0.729095
0.478394
0.999969
0.999969
0.802246
-0.759003
-0.999969
-0.999969
-0.590546
0.808289
0.999969
0.999969
0.265442
-0.513794
-0.668671
-0.331635
-0.017487
-0.092407
-0.423248
-0.519257
-0.034637
0.827789
0.999969
0.999969
-0.103119
-0.999969
-0.999969
-0.999969
0.308655
0.999969
0.999969
0.946808
-0.408203
-0.999969
-0.999969
-0.462158
0.267242
0.477448
0.227783
-0.011841
0.133667
0.555573
0.746765
0.292145
-0.674225
-0.999969
-0.999969
-0.316376
0.999969
0.999969
0.999969
0.157196
-0.999969
-0.999969
-0.999969
0.025452
0.993286
0.999969
0.571594
-0.070770
-0.286835
-0.080597
0.112213
-0.098053
-0.630707
-0.961212
-0.593781
0.429504
0.999969
0.999969
0.748169
-0.761322
-0.999969
-0.999969
-0.603607
0.893066
0.999969
0.999969
0.309967
-0.682709
-0.977264
-0.593170
-0.057526
0.124359
-0.083771
-0.268799
-0.016663
0.629608
0.999969
0.912109
-0.107330
-0.999969
-0.999969
-0.999969
0.326508
0.999969
0.999969
0.997650
-0.468506
-0.999969
-0.999969
-0.574005
0.380707
0.776276
0.535675
0.108124
-0.013397
0.237335
0.459625
0.203278
-0.541107
-0.999969
-0.999969
-0.270111
0.999969
0.999969
0.999969
0.137970
-0.999969
-0.999969
-0.999969
0.046417
0.999969
0.999969
0.750610
-0.115723
-0.555084
-0.416351
-0.080902
-0.029236
-0.353119
-0.657867
-0.445709
0.363251
0.999969
0.999969
0.674133
-0.739777
-0.999969
-0.999969
-0.597351
0.953491
0.999969
0.999969
0.340515
-0.835999
-0.999969
-0.833252
-0.089111
0.342834
0.258698
-0.015015
-0.004822
0.408356
0.834717
0.720520
-0.103943
-0.999969
-0.999969
-0.999969
0.333771
0.999969
0.999969
0.999969
-0.517761
-0.999969
-0.999969
-0.664093
0.488373
0.999969
0.825073
0.218414
-0.166351
-0.090057
0.162140
0.114624
-0.386841
-0.962585
-0.999329
-0.219818
0.979187
0.999969
0.999969
0.114990
-0.999969
-0.999969
-0.999969
0.069458
0.999969
0.999969
0.903046
-0.163361
-0.810791
-0.738586
-0.265808
0.047241
-0.061554
-0.336731
-0.289856
0.280853
0.999969
0.999969
0.583344
-0.693939
-0.999969
-0.999969
-0.573181
0.986755
0.999969
0.999969
0.357147
-0.968414
-0.999969
-0.999969
-0.111694
0.556305
0.593964
0.234497
0.000244
0.170319
0.511353
0.511963
-0.092224
-0.983734
-0.999969
-0.956573
0.329163
0.999969
0.999969
0.999969
-0.553467
-0.999969
-0.999969
-0.730530
0.586365
0.999969
0.999969
0.315979
-0.320496
-0.416809
-0.136780
0.029144
-0.215607
-0.657684
-0.755951
-0.167816
0.851990
0.999969
0.999969
0.090118
-0.999969
-0.999969
-0.999969
0.092804
0.999969
0.999969
0.999969
-0.211639
-0.999969
-0.999969
-0.437164
0.129089
0.235413
-0.007538
-0.131317
0.184204
0.749817
0.992950
0.479401
-0.624176
-0.999969
-0.999969
-0.532898
0.990875
0.999969
0.999969
0.360321
-0.999969
-0.999969
-0.999969
-0.125153
0.758118
0.911987
0.472321
-0.001648
-0.077606
0.173126
0.293091
-0.071777
-0.766876
-0.999969
-0.815979
0.311676
0.999969
0.999969
0.965179
-0.573364
-0.999969
-0.999969
-0.772247
0.670929
0.999969
0.999969
0.398438
-0.470978
-0.733154
-0.428131
-0.050415
-0.032227
-0.332062
-0.493744
-0.116486
0.695587
0.999969
0.999969
0.065186
-0.999969
-0.999969
-0.999969
0.114594
0.999969
0.999969
0.999969
-0.258240
-0.999969
-0.999969
-0.590210
0.213654
0.528839
0.319916
0.024994
0.075775
0.456909
0.707092
0.366211
-0.531738
-0.999969
-0.999969
-0.478882
0.964630
0.999969
0.999969
0.351135
-0.999969
-0.999969
-0.999969
-0.129822
0.941772
0.999969
0.691589
-0.010376
-0.328003
-0.169891
0.070709
-0.042725
-0.523560
-0.904205
-0.655243
0.280853
0.999969
0.999969
0.897186
-0.575714
-0.999969
-0.999969
-0.788971
0.738617
0.999969
0.999969
0.463867
-0.612885
-0.999969
-0.703400
-0.121704
0.157959
0.004639
-0.220856
-0.067932
0.514069
0.999969
0.955780
0.042053
-0.999969
-0.999969
-0.999969
0.132996
0.999969
0.999969
0.999969
-0.300903
-0.999969
-0.999969
-0.720856
0.298004
0.809906
0.635895
0.174286
-0.041473
0.147736
0.402740
0.247803
-0.418579
-0.999969
-0.999969
-0.413757
0.907837
0.999969
0.999969
0.330933
-0.999969
-0.999969
-0.999969
-0.126465
0.999969
0.999969
0.886108
-0.025330
-0.573334
-0.507416
-0.148407
-0.005585
-0.260712
-0.589355
-0.479828
0.236725
0.999969
0.999969
0.804932
-0.559357
-0.999969
-0.999969
-0.781281
0.786377
0.999969
0.999969
0.511169
-0.741302
-0.999969
-0.954559
-0.182861
0.349213
0.342407
0.054474
-0.024048
0.312347
0.752075
0.739990
0.022339
-0.999969
-0.999969
-0.999969
0.146301
0.999969
0.999969
0.999969
-0.337250
-0.999969
-0.999969
-0.825836
0.379028
0.999969
0.931030
0.312256
-0.164001
-0.168579
0.089172
0.128174
-0.287537
-0.863953
-0.999725
-0.340454
0.821259
0.999969
0.999969
0.301575
-0.999969
-0.999969
-0.999969
-0.116211
0.999969
0.999969
0.999969
-0.045532
-0.806000
-0.829437
-0.357788
0.038666
0.013947
-0.258179
-0.295441
0.179901
0.902496
0.999969
0.692169
-0.523682
-0.999969
-0.999969
-0.750458
0.811676
0.999969
0.999969
0.539825
-0.851685
-0.999969
-0.999969
-0.232452
0.535614
0.671143
0.323975
0.013641
0.096191
0.424866
0.506409
0.007446
-0.852234
-0.999969
-0.999969
0.152893
0.999969
0.999969
0.999969
-0.365112
-0.999969
-0.999969
-0.902802
0.453552
0.999969
0.999969
0.435120
-0.288055
-0.482574
-0.224274
0.011200
-0.142029
-0.561310
-0.735626
-0.262024
0.706635
0.999969
0.999969
0.265045
-0.999969
-0.999969
-0.999969
-0.100433
0.999969
0.999969
0.999969
-0.069672
-0.999969
-0.999969
-0.551361
0.088623
0.292328
0.079437
-0.107910
0.111481
0.642273
0.954285
0.563049
-0.468781
-0.999969
-0.999969
-0.698578
0.812744
0.999969
0.999969
0.549988
-0.939911
-0.999969
-0.999969
-0.269623
0.711212
0.980988
0.579712
0.044006
-0.128143
0.084717
0.262299
-0.001495
-0.648010
-0.999969
-0.883484
0.151520
0.999969
0.999969
0.999969
-0.382477
-0.999969
-0.999969
-0.950287
0.518463
0.999969
0.999969
0.539673
-0.409546
-0.784821
-0.528198
-0.099518
0.013824
-0.240143
-0.452881
-0.181519
0.566620
0.999969
0.999969
0.223572
-0.999969
-0.999969
-0.999969
-0.080780
0.999969
0.999969
0.999969
-0.096191
-0.999969
-0.999969
-0.723694
0.142517
0.566071
0.413361
0.076996
0.033203
0.359772
0.653168
0.422180
-0.395355
-0.999969
-0.999969
-0.628204
0.788391
0.999969
0.999969
0.542450
-0.999969
-0.999969
-0.999969
-0.294006
0.870239
0.999969
0.814240
0.066284
-0.353912
-0.258301
0.015167
-0.003784
-0.420258
-0.834351
-0.697540
0.141266
0.999969
0.999969
0.999969
-0.387634
-0.999969
-0.999969
-0.967896
0.570831
0.999969
0.999969
0.623413
-0.524353
-0.999969
-0.813690
-0.200745
0.175446
0.090057
-0.160126
-0.101898
0.404816
0.968536
0.979553
0.179382
-0.999969
-0.999969
-0.999969
-0.059052
0.999969
0.999969
0.999969
-0.123322
-0.999969
-0.999969
-0.870117
0.198273
0.826782
0.733704
0.253693
-0.052856
0.063263
0.334595
0.274292
-0.304932
-0.999969
-0.999969
-0.542511
0.738342
0.999969
0.999969
0.518585
-0.999969
-0.999969
-0.999969
-0.305786
0.999969
0.999969
0.999969
0.080231
-0.574249
-0.593872
-0.227539
0.000977
-0.175537
-0.511292
-0.495453
0.121582
0.999969
0.999969
0.918304
-0.379303
-0.999969
-0.999969
-0.956085
0.608063
0.999969
0.999969
0.684662
-0.628326
-0.999969
-0.999969
-0.289734
0.337952
0.419434
0.133789
-0.025879
0.225616
0.661835
0.740814
0.134766
-0.883179
-0.999969
-0.999969
-0.037079
0.999969
0.999969
0.999969
-0.149170
-0.999969
-0.999969
-0.986938
0.253601
0.999969
0.999969
0.417084
-0.144043
-0.238525
0.008209
0.124268
-0.199585
-0.759918
-0.981689
-0.444916
0.663116
0.999969
0.999969
0.480255
-0.999969
-0.999969
-0.999969
-0.305664
0.999969
0.999969
0.999969
0.085968
-0.782257
-0.912048
-0.458588
0.012665
0.079071
-0.173553
-0.283661
0.092316
0.784210
0.999969
0.782715
-0.356659
-0.999969
-0.999969
-0.916260
0.627869
0.999969
0.999969
0.722504
-0.717621
-0.999969
-0.999969
-0.364288
0.496185
0.738159
0.420105
0.044067
0.034088
0.334442
0.483887
0.091797
-0.720642
-0.999969
-0.999969
-0.016632
0.999969
0.999969
0.999969
-0.171783
-0.999969
-0.999969
-0.999969
0.306030
0.999969
0.999969
0.562683
-0.237488
-0.536499
