0.000000
0.999969
0.999969
0.964203
-0.208862
-0.743195
-0.455353
-0.014160
-0.134583
-0.763733
-0.999969
-0.493439
0.852173
0.999969
0.999969
0.314697
-0.999969
-0.999969
-0.956238
0.005157
0.390320
0.089142
-0.215118
0.133240
0.979980
0.999969
0.821808
-0.637909
-0.999969
-0.999969
-0.586639
0.794678
0.999969
0.825470
0.090607
-0.092743
0.293457
0.526703
-0.012268
-0.999969
-0.999969
-0.999969
0.351715
0.999969
0.999969
0.778351
-0.470154
-0.961334
-0.584167
-0.064911
-0.114868
-0.649048
-0.883789
-0.211182
0.999969
0.999969
0.999969
-0.032806
-0.999969
-0.999969
-0.862335
0.199097
0.591187
0.258362
-0.080750
0.209076
0.937439
0.999969
0.507294
-0.919464
-0.999969
-0.999969
-0.275543
0.999969
0.999969
0.824341
-0.016571
-0.245331
0.115540
0.329865
-0.180542
-0.999969
-0.999969
-0.837097
0.684052
0.999969
0.999969
0.531403
-0.755585
-0.999969
-0.665253
-0.053436
-0.035889
-0.495087
-0.653046
0.035217
0.999969
0.999969
0.999969
-0.385498
-0.999969
-0.999969
-0.699371
0.437195
0.800293
0.400940
0.000916
0.220184
0.837158
0.999969
0.206451
-0.999969
-0.999969
-0.999969
0.064575
0.999969
0.999969
0.754883
-0.181580
-0.429413
-0.060333
0.168762
-0.287354
-0.999969
-0.999969
-0.511993
0.978943
0.999969
0.999969
0.235352
-0.999969
-0.999969
-0.687317
0.021515
0.093231
-0.318237
-0.435791
0.231720
0.999969
0.999969
0.840942
-0.723877
-0.999969
-0.999969
-0.473450
0.704468
0.999207
0.501312
0.022247
0.169403
0.691681
0.768097
-0.062958
-0.999969
-0.999969
-0.999969
0.415039
0.999969
0.999969
0.616608
-0.394501
-0.628265
-0.216187
0.056580
-0.328857
-0.999969
-0.999969
-0.195282
0.999969
0.999969
0.999969
-0.094238
-0.999969
-0.999969
-0.643433
0.156219
0.259552
-0.136475
-0.249023
0.368286
0.999969
0.999969
0.508118
-0.999969
-0.999969
-0.999969
-0.195221
0.983429
0.999969
0.547028
-0.019745
0.064240
0.516693
0.531891
-0.285858
-0.999969
-0.999969
-0.833893
0.756348
0.999969
0.999969
0.413971
-0.641449
-0.823730
-0.335724
0.002502
-0.306183
-0.881042
-0.870789
0.094757
0.999969
0.999969
0.999969
-0.439301
-0.999969
-0.999969
-0.531464
0.342194
0.447113
0.032104
-0.107025
0.439453
0.999969
0.999969
0.178253
-0.999969
-0.999969
-0.999969
0.120850
0.999969
0.999969
0.529633
-0.122986
-0.083527
0.329803
0.320709
-0.450714
-0.999969
-0.999969
-0.496246
0.999969
0.999969
0.999969
0.156189
-0.905792
-0.997620
-0.405273
0.011108
-0.225342
-0.708649
-0.617310
0.341888
0.999969
0.999969
0.816620
-0.780457
-0.999969
-0.999969
-0.354187
0.566925
0.638184
0.170441
-0.020447
0.444580
0.999969
0.960205
-0.129700
-0.999969
-0.999969
-0.999969
0.457367
0.999969
0.999969
0.445282
-0.280609
-0.258881
0.149231
0.149872
-0.550476
-0.999969
-0.999969
-0.156219
0.999969
0.999969
0.999969
-0.143433
-0.999969
-0.999969
-0.415009
0.082062
-0.096710
-0.517456
-0.383209
0.533356
0.999969
0.999969
0.477142
-0.999969
-0.999969
-0.999969
-0.119324
0.814606
0.814392
0.263855
0.004425
0.388153
0.891907
0.691315
-0.398773
-0.999969
-0.999969
-0.789917
0.795288
0.999969
0.999969
0.295227
-0.481415
-0.444580
-0.007385
0.031494
-0.582916
-0.999969
-0.999969
0.166901
0.999969
0.999969
0.999969
-0.468384
-0.999969
-0.999969
-0.359497
0.210144
0.065643
-0.325775
-0.184875
0.660461
0.999969
0.999969
0.130035
-0.999969
-0.999969
-0.999969
0.161133
0.999969
0.958344
0.301147
-0.033783
0.279114
0.697388
0.436127
-0.614838
-0.999969
-0.999969
-0.451691
0.999969
0.999969
0.999969
0.085541
-0.710632
-0.622345
-0.124481
-0.026611
-0.550781
-0.999969
-0.753479
0.455322
0.999969
0.999969
0.754669
-0.800079
-0.999969
-0.999969
-0.238220
0.385590
0.245117
-0.151520
-0.035614
0.719391
0.999969
0.999969
-0.205292
-0.999969
-0.999969
-0.997864
0.471619
0.999969
0.999969
0.275299
-0.131439
0.130432
0.495514
0.211823
-0.767822
-0.999969
-0.999969
-0.100616
0.999969
0.999969
0.999969
-0.173187
-0.951019
-0.774414
-0.189484
-0.021423
-0.461578
-0.867615
-0.479156
0.693848
0.999969
0.999969
0.420807
-0.999969
-0.999969
-0.999969
-0.055695
0.594757
0.423706
-0.011200
0.055237
0.711212
0.999969
0.803406
-0.510345
-0.999969
-0.999969
-0.711975
0.794159
0.999969
0.999969
0.184204
-0.280334
-0.042084
0.304535
0.032898
-0.852203
-0.999969
-0.999969
0.243835
0.999969
0.999969
0.934326
-0.466431
-0.999969
-0.884552
-0.194000
0.045258
-0.327087
-0.656616
-0.230682
0.870972
0.999969
0.999969
0.068939
-0.999969
-0.999969
-0.999969
0.178925
0.821167
0.583282
0.081512
0.082855
0.641968
0.999969
0.512177
-0.768982
-0.999969
-0.999969
-0.385529
0.999969
0.999969
0.999969
0.030640
-0.468048
-0.220703
0.141602
-0.089783
-0.867493
-0.999969
-0.841003
0.562683
0.999969
0.999969
0.662903
-0.777039
-0.999969
-0.939514
-0.134125
0.166687
-0.162231
-0.449921
-0.023651
0.979614
0.999969
0.999969
-0.281464
-0.999969
-0.999969
-0.862976
0.452393
0.999969
0.707092
0.116669
0.047485
0.522064
0.807373
0.241638
-0.968323
-0.999969
-0.999969
-0.036102
0.999969
0.999969
0.957123
-0.177765
-0.679047
-0.387238
0.021545
-0.149811
-0.818085
-0.999969
-0.535309
0.838898
0.999969
0.999969
0.346893
-0.999969
-0.999969
-0.929871
-0.010986
0.331818
0.015656
-0.265289
0.129700
0.999969
0.999969
0.866302
-0.611145
-0.999969
-0.999969
-0.608643
0.748383
0.999969
0.780762
0.088776
-0.045837
0.365540
0.586182
0.008331
-0.999969
-0.999969
-0.999969
0.317078
0.999969
0.999969
0.785156
-0.429108
-0.895660
-0.524353
-0.044312
-0.145721
-0.713104
-0.946198
-0.244965
0.999969
0.999969
0.999969
0.003113
-0.999969
-0.999969
-0.850769
0.169373
0.526093
0.188507
-0.118469
0.221405
0.987885
0.999969
0.548676
-0.902252
-0.999969
-0.999969
-0.306000
0.999969
0.999969
0.793549
-0.002686
-0.187439
0.189056
0.380890
-0.174286
-0.999969
-0.999969
-0.879547
0.654510
0.999969
0.999969
0.550385
-0.708008
-0.999969
-0.616760
-0.048950
-0.080902
-0.565460
-0.711884
0.012604
0.999969
0.999969
0.999969
-0.349579
-0.999969
-0.999969
-0.702240
0.396423
0.732483
0.338501
-0.022095
0.248260
0.897980
0.999969
0.241058
-0.999969
-0.999969
-0.999969
0.028961
0.999969
0.999969
0.739014
-0.153381
-0.363892
0.010620
0.208160
-0.296631
-0.999969
-0.999969
-0.552734
0.957764
0.999969
0.999969
0.264008
-0.996643
-0.999969
-0.652466
0.009979
0.036499
-0.391144
-0.487274
0.222687
0.999969
0.999969
0.881134
-0.691681
-0.999969
-0.999969
-0.489380
0.655914
0.932709
0.449554
0.015167
0.212036
0.759735
0.825836
-0.038422
-0.999969
-0.999969
-0.999969
0.377991
0.999969
0.999969
0.615631
-0.354279
-0.558960
-0.151733
0.081848
-0.353851
-0.999969
-0.999969
-0.230530
0.999969
0.999969
0.999969
-0.059113
-0.999969
-0.999969
-0.623535
0.129730
0.194244
-0.207855
-0.289764
0.374359
0.999969
0.999969
0.547974
-0.999969
-0.999969
-0.999969
-0.221954
0.930786
0.999969
0.508484
-0.010559
0.119324
0.588287
0.583405
-0.274017
-0.999969
-0.999969
-0.871582
0.721588
0.999969
0.999969
0.426849
-0.592316
-0.754639
-0.281189
0.012054
-0.346039
-0.946136
-0.926971
0.068359
0.999969
0.999969
0.999969
-0.401276
-0.999969
-0.999969
-0.526764
0.302826
0.376923
-0.033813
-0.134308
0.461090
0.999969
0.999969
0.214020
-0.999969
-0.999969
-0.999969
0.086304
0.999969
0.999969
0.505920
-0.098358
-0.018982
0.400940
0.362488
-0.453400
-0.999969
-0.999969
-0.535004
0.999969
0.999969
0.999969
0.180908
-0.851288
-0.932648
-0.363434
0.004364
-0.278229
-0.778290
-0.668457
0.327240
0.999969
0.999969
0.851624
-0.743286
-0.999969
-0.999969
-0.364014
0.517517
0.567047
0.113617
-0.032440
0.481293
0.999969
0.999969
-0.101562
-0.999969
-0.999969
-0.999969
0.418518
0.999969
0.999969
0.437073
-0.242310
-0.188416
0.215973
0.179016
-0.568481
-0.999969
-0.999969
-0.192322
0.999969
0.999969
0.999969
-0.109650
-0.999969
-0.999969
-0.387817
0.059509
-0.159912
-0.587769
-0.425720
0.532532
0.999969
0.999969
0.514679
-0.999969
-0.999969
-0.999969
-0.141968
0.758636
0.746368
0.219147
0.008667
0.438354
0.958984
0.741760
-0.381317
-0.999969
-0.999969
-0.822083
0.755890
0.999969
0.999969
0.302063
-0.432098
-0.372101
0.051147
0.045807
-0.616058
-0.999969
-0.999969
0.137115
0.999969
0.999969
0.999969
-0.428894
-0.999969
-0.999969
-0.347870
0.173279
-0.004456
-0.392700
-0.215607
0.674591
0.999969
0.999969
0.166321
-0.999969
-0.999969
-0.999969
0.128235
0.999969
0.897125
0.270752
-0.013458
0.340363
0.766205
0.479065
-0.610413
-0.999969
-0.999969
-0.487793
0.999969
0.999969
0.999969
0.106018
-0.653625
-0.551941
-0.077332
-0.028320
-0.597778
-0.999969
-0.802795
0.435059
0.999969
0.999969
0.783936
-0.758606
-0.999969
-0.999969
-0.242126
0.336761
0.171967
-0.211273
-0.052155
0.748596
0.999969
0.999969
-0.173950
-0.999969
-0.999969
-0.999969
0.431702
0.999969
0.999969
0.260498
-0.096252
0.199493
0.562073
0.243958
-0.777832
-0.999969
-0.999969
-0.136902
0.999969
0.999969
0.999969
-0.141327
-0.890076
-0.709869
-0.156250
-0.039307
-0.520325
-0.934357
-0.522217
0.685699
0.999969
0.999969
0.455353
-0.999969
-0.999969
-0.999969
-0.074005
0.537170
0.351501
-0.060333
0.054352
0.754578
0.999969
0.851288
-0.487335
-0.999969
-0.999969
-0.738190
0.750885
0.999969
0.999969
0.185242
-0.232422
0.031097
0.364899
0.051605
-0.877136
-0.999969
-0.999969
0.211060
0.999969
0.999969
0.946686
-0.426331
-0.999969
-0.829315
-0.176178
0.012085
-0.394501
-0.722198
-0.264008
0.876678
0.999969
0.999969
0.105133
-0.999969
-0.999969
-0.999969
0.148285
0.758484
0.516022
0.045715
0.098145
0.697601
0.999969
0.555084
-0.757080
-0.999969
-0.999969
-0.418365
0.999969
0.999969
0.999969
0.046692
-0.410370
-0.147430
0.192261
-0.086304
-0.906738
-0.999969
-0.887146
0.536926
0.999969
0.999969
0.686005
-0.732178
-0.999969
-0.896301
-0.132324
0.120056
-0.234772
-0.510437
-0.044434
0.999969
0.999969
0.999969
-0.247345
-0.999969
-0.999969
-0.871185
0.412262
0.982819
0.648315
0.096069
0.078369
0.587189
0.871429
0.275970
-0.969574
-0.999969
-0.999969
-0.072052
0.999969
0.999969
0.947113
-0.148499
-0.615112
-0.317871
0.059540
-0.162354
-0.870087
-0.999969
-0.577759
0.823181
0.999969
0.999969
0.377899
-0.999969
-0.999969
-0.900574
-0.024719
0.274506
-0.058014
-0.317047
0.123566
0.999969
0.999969
0.910431
-0.582703
-0.999969
-0.999969
-0.628601
0.702209
0.999969
0.733459
0.084259
-0.000946
0.436768
0.646301
0.031067
-0.999969
-0.999969
-0.999969
0.281769
0.999969
0.999969
0.789246
-0.389252
-0.829376
-0.462616
-0.021149
-0.174011
-0.775330
-0.999969
-0.280121
0.999969
0.999969
0.999969
0.038666
-0.999969
-0.999969
-0.836212
0.141602
0.461487
