0.000000
0.999969
0.999969
0.665344
-0.182861
-0.070923
0.484009
0.327942
-0.801025
-0.999969
-0.999969
-0.065796
0.999969
0.999969
0.474274
-0.055786
0.332825
0.883270
0.480133
-0.877838
-0.999969
-0.999969
-0.121216
0.999969
0.961182
0.235474
0.044830
0.705231
0.999969
0.626984
-0.896454
-0.999969
-0.999969
-0.156860
0.750397
0.542511
-0.039581
0.113403
0.999969
0.999969
0.755402
-0.861450
-0.999969
-0.999969
-0.165100
0.455719
0.094208
-0.336243
0.147644
0.999969
0.999969
0.852600
-0.780762
-0.999969
-0.999969
-0.140717
0.158569
-0.359131
-0.637390
0.148621
0.999969
0.999969
0.907196
-0.664978
-0.999969
-0.850739
-0.081604
-0.123535
-0.792542
-0.924652
0.120422
0.999969
0.999969
0.910095
-0.526398
-0.999969
-0.494751
0.011047
-0.375000
-0.999969
-0.999969
0.070007
0.999969
0.999969
0.855377
-0.377991
-0.649231
-0.099091
0.132751
-0.583130
-0.999969
-0.999969
0.006256
0.999969
0.999969
0.740875
-0.232422
-0.240814
0.314911
0.275909
-0.738892
-0.999969
-0.999969
-0.060699
0.999969
0.999969
0.568481
-0.101166
0.167419
0.724396
0.430359
-0.837311
-0.999969
-0.999969
-0.120392
0.999969
0.999969
0.344421
0.006500
0.552948
0.999969
0.583984
-0.877472
-0.999969
-0.999969
-0.162994
0.857422
0.721069
0.078827
0.084015
0.895233
0.999969
0.723663
-0.862610
-0.999969
-0.999969
-0.180115
0.571991
0.281799
-0.214630
0.127930
0.999969
0.999969
0.836273
-0.799438
-0.999969
-0.999969
-0.165710
0.277039
-0.172485
-0.519501
0.138214
0.999969
0.999969
0.909729
-0.697571
-0.999969
-0.988159
-0.116547
-0.009552
-0.616791
-0.817688
0.117981
0.999969
0.999969
0.933929
-0.568695
-0.999969
-0.651733
-0.032654
-0.271454
-0.999969
-0.999969
0.073242
0.999969
0.999969
0.901581
-0.425568
-0.809113
-0.267731
0.082550
-0.494873
-0.999969
-0.999969
0.012329
0.999969
0.999969
0.809082
-0.280945
-0.409058
0.143524
0.222473
-0.669495
-0.999969
-0.999969
-0.054932
0.999969
0.999969
0.656799
-0.146759
0.000000
0.559479
0.377625
-0.788788
-0.999969
-0.999969
-0.118103
0.999969
0.999969
0.449371
-0.033020
0.395203
0.956787
0.536438
-0.850403
-0.999969
-0.999969
-0.167023
0.957520
0.893158
0.195618
0.052734
0.755219
0.999969
0.685913
-0.856018
-0.999969
-0.999969
-0.192688
0.683990
0.466858
-0.091980
0.106018
0.999969
0.999969
0.812714
-0.811127
-0.999969
-0.999969
-0.188202
0.393951
0.015717
-0.397827
0.125671
0.999969
0.999969
0.904144
-0.724335
-0.999969
-0.999969
-0.149323
0.105438
-0.435486
-0.704132
0.113739
0.999969
0.999969
0.949158
-0.606537
-0.999969
-0.802429
-0.074890
-0.164551
-0.861938
-0.992096
0.075348
0.999969
0.999969
0.939270
-0.470154
-0.962250
-0.433472
0.032745
-0.401367
-0.999969
-0.999969
0.018097
0.999969
0.999969
0.869446
-0.327972
-0.574158
-0.028687
0.168060
-0.593353
-0.999969
-0.999969
-0.048615
0.999969
0.999969
0.738495
-0.192169
-0.167969
0.390015
0.322449
-0.732635
-0.999969
-0.999969
-0.114441
0.999969
0.999969
0.549469
-0.073425
0.233398
0.799377
0.484833
-0.815308
-0.999969
-0.999969
-0.169006
0.999969
0.999969
0.309753
0.019836
0.607910
0.999969
0.642578
-0.841614
-0.999969
-0.999969
-0.202789
0.790649
0.647766
0.030579
0.082092
0.935791
0.999969
0.782227
-0.815674
-0.999969
-0.999969
-0.208099
0.508209
0.203796
-0.273407
0.111053
0.999969
0.999969
0.890564
-0.744934
-0.999969
-0.999969
-0.179688
0.220459
-0.250244
-0.585052
0.107727
0.999969
0.999969
0.955780
-0.639526
-0.999969
-0.945496
-0.115356
-0.055267
-0.689392
-0.885590
0.076202
0.999969
0.999969
0.968231
-0.511322
-0.999969
-0.594849
-0.016205
-0.303375
-0.999969
-0.999969
0.023376
0.999969
0.999969
0.921478
-0.372986
-0.734650
-0.200165
0.113251
-0.511139
-0.999969
-0.999969
-0.041931
0.999969
0.999969
0.812866
-0.236908
-0.334961
0.217529
0.265350
-0.669281
-0.999969
-0.999969
-0.109558
0.999969
0.999969
0.643860
-0.114319
0.068939
0.635223
0.429779
-0.772461
-0.999969
-0.999969
-0.169006
0.999969
0.999969
0.420258
-0.014404
0.454651
0.999969
0.594177
-0.819427
-0.999969
-0.999969
-0.210388
0.891022
0.822906
0.151947
0.056305
0.801453
0.999969
0.745178
-0.812866
-0.999969
-0.999969
-0.225250
0.618805
0.390106
-0.147430
0.094421
0.999969
0.999969
0.869232
-0.759094
-0.999969
-0.999969
-0.207428
0.334412
-0.062744
-0.461517
0.099854
0.999969
0.999969
0.953796
-0.667236
-0.999969
-0.999969
-0.153656
0.055481
-0.510620
-0.771912
0.075714
0.999969
0.999969
0.988251
-0.548584
-0.999969
-0.750458
-0.063873
-0.201721
-0.928986
-0.999969
0.027985
0.999969
0.999969
0.964813
-0.415527
-0.889038
-0.369354
0.058563
-0.423492
-0.999969
-0.999969
-0.035065
0.999969
0.999969
0.879333
-0.280548
-0.499512
0.043549
0.206940
-0.599213
-0.999969
-0.999969
-0.103607
0.999969
0.999969
0.731689
-0.155304
-0.096680
0.465820
0.371765
-0.722137
-0.999969
-0.999969
-0.167175
0.999969
0.999969
0.526123
-0.049683
0.296783
0.873840
0.541168
-0.789551
-0.999969
-0.999969
-0.215515
0.984100
0.990753
0.271118
0.028870
0.659424
0.999969
0.701965
-0.802704
-0.999969
-0.999969
-0.239594
0.724670
0.572968
-0.021027
0.075867
0.972260
0.999969
0.840424
-0.766571
-0.999969
-0.999969
-0.232391
0.446289
0.125427
-0.334717
0.090179
0.999969
0.999969
0.943359
-0.689362
-0.999969
-0.999969
-0.189514
0.166718
-0.327209
-0.652039
0.073792
0.999969
0.999969
0.999268
-0.581543
-0.999969
-0.898926
-0.109833
-0.097321
-0.760040
-0.953857
0.031830
0.999969
0.999969
0.999146
-0.455170
-0.999969
-0.534821
0.004456
-0.331146
-0.999969
-0.999969
-0.028168
0.999969
0.999969
0.937378
-0.322662
-0.660126
-0.130371
0.147766
-0.523010
-0.999969
-0.999969
-0.096771
0.999969
0.999969
0.812286
-0.195984
-0.261993
0.292664
0.311371
-0.664734
-0.999969
-0.999969
-0.163605
0.999969
0.999969
0.626495
-0.085663
0.135681
0.710907
0.484131
-0.752167
-0.999969
-0.999969
-0.218231
0.999969
0.999969
0.386963
0.000000
0.510956
0.999969
0.653107
-0.785095
-0.999969
-0.999969
-0.251099
0.824860
0.750732
0.104675
0.055542
0.843811
0.999969
0.804474
-0.767242
-0.999969
-0.999969
-0.254364
0.555084
0.312500
-0.205750
0.078674
0.999969
0.999969
0.924652
-0.705566
-0.999969
-0.999969
-0.222656
0.277374
-0.140778
-0.527100
0.070374
0.999969
0.999969
0.999969
-0.609833
-0.999969
-0.999969
-0.153687
0.008911
-0.584198
-0.840424
0.034760
0.999969
0.999969
0.999969
-0.491455
-0.999969
-0.695038
-0.048523
-0.234924
-0.993439
-0.999969
-0.021393
0.999969
0.999969
0.986572
-0.362762
-0.815369
-0.302673
0.088348
-0.441284
-0.999969
-0.999969
-0.089172
0.999969
0.999969
0.884979
-0.235962
-0.425568
0.117340
0.249237
-0.600677
-0.999969
-0.999969
-0.158447
0.999969
0.999969
0.720490
-0.122009
-0.027222
0.541992
0.423645
-0.707520
-0.999969
-0.999969
-0.218628
0.999969
0.999969
0.498505
-0.030029
0.357330
0.947540
0.599091
-0.760193
-0.999969
-0.999969
-0.259735
0.918427
0.921875
0.228607
0.033569
0.707275
0.999969
0.761810
-0.760956
-0.999969
-0.999969
-0.273224
0.659760
0.496887
-0.075806
0.065430
0.999969
0.999969
0.897919
-0.715637
-0.999969
-0.999969
-0.252808
0.386505
0.046967
-0.398254
0.065399
0.999969
0.999969
0.994385
-0.633026
-0.999969
-0.999969
-0.195099
0.116028
-0.403046
-0.720184
0.036652
0.999969
0.999969
0.999969
-0.523956
-0.999969
-0.848633
-0.099976
-0.135651
-0.828461
-0.999969
-0.014954
0.999969
0.999969
0.999969
-0.400482
-0.963837
-0.471832
0.029266
-0.354706
-0.999969
-0.999969
-0.081055
0.999969
0.999969
0.949188
-0.274811
-0.585876
-0.058624
0.185883
-0.530487
-0.999969
-0.999969
-0.151825
0.999969
0.999969
0.807343
-0.158386
-0.190460
0.368622
0.360291
-0.655945
-0.999969
-0.999969
-0.216766
0.999969
0.999969
0.604767
-0.060944
0.199951
0.786255
0.540497
-0.728058
-0.999969
-0.999969
-0.265503
0.999969
0.999969
0.349609
0.010132
0.563873
0.999969
0.712921
-0.747681
-0.999969
-0.999969
-0.288910
0.759369
0.676880
0.053986
0.050476
0.882141
0.999969
0.863525
-0.719360
-0.999969
-0.999969
-0.279816
0.493103
0.234406
-0.266663
0.058899
0.999969
0.999969
0.978699
-0.650879
-0.999969
-0.999969
-0.233734
0.223083
-0.218170
-0.594238
0.037384
0.999969
0.999969
0.999969
-0.552338
-0.999969
-0.994232
-0.149414
-0.034149
-0.655975
-0.909424
-0.008942
0.999969
0.999969
0.999969
-0.435364
-0.999969
-0.636353
-0.028961
-0.264038
-0.999969
-0.999969
-0.072540
0.999969
0.999969
0.999969
-0.312164
-0.741516
-0.233643
0.121979
-0.454712
-0.999969
-0.999969
-0.143982
0.999969
0.999969
0.886292
-0.194397
-0.352600
0.192383
0.294708
-0.597809
-0.999969
-0.999969
-0.212799
0.999969
0.999969
0.704865
-0.092468
0.040161
0.618286
0.477875
-0.688904
-0.999969
-0.999969
-0.268494
0.999969
0.999969
0.466675
-0.014557
0.414856
0.999969
0.658295
-0.727417
-0.999969
-0.999969
-0.301361
0.852966
0.850922
0.182404
0.033966
0.751343
0.999969
0.821838
-0.716614
-0.999969
-0.999969
-0.303467
0.596191
0.419861
-0.133514
0.050812
0.999969
0.999969
0.954468
-0.663147
-0.999969
-0.999969
-0.269287
0.329132
-0.031250
-0.463776
0.036926
0.999969
0.999969
0.999969
-0.576233
-0.999969
-0.999969
-0.196411
0.068604
-0.477478
-0.789246
-0.003571
0.999969
0.999969
0.999969
-0.467041
-0.999969
-0.794800
-0.085815
-0.170013
-0.894440
-0.999969
-0.063843
0.999969
0.999969
0.999969
-0.347565
-0.891052
-0.406128
0.058075
-0.373962
-0.999969
-0.999969
-0.135010
0.999969
0.999969
0.956757
-0.229706
-0.512177
0.014801
0.227509
-0.533569
-0.999969
-0.999969
-0.206879
0.999969
0.999969
0.797943
-0.124298
-0.120605
0.445160
0.411896
-0.643005
-0.999969
-0.999969
-0.268738
0.999969
0.999969
0.578735
-0.040283
0.261505
0.860931
0.598511
-0.700287
-0.999969
-0.999969
-0.310577
0.939636
0.999969
0.308350
0.015991
0.613251
0.999969
0.773315
-0.707306
-0.999969
-0.999969
-0.323608
0.694794
0.601654
0.000000
0.041168
0.916351
0.999969
0.922028
-0.669556
-0.999969
-0.999969
-0.301483
0.433167
0.156097
-0.329926
0.035187
0.999969
0.999969
0.999969
-0.595306
-0.999969
-0.999969
-0.240631
0.171753
-0.294586
-0.662720
0.001099
0.999969
0.999969
0.999969
-0.495117
-0.999969
-0.945740
-0.140778
-0.073517
-0.725647
-0.978577
-0.055115
0.999969
0.999969
0.999969
-0.380676
-0.999969
-0.574615
-0.005249
-0.288940
-0.999969
-0.999969
-0.125183
0.999969
0.999969
0.999969
-0.263916
-0.667755
-0.162506
0.159332
-0.463745
-0.999969
-0.999969
-0.199127
0.999969
0.999969
0.883240
-0.156097
-0.280914
0.268402
0.343201
-0.590698
-0.999969
-0.999969
-0.266388
0.999969
0.999969
0.684875
-0.066803
0.105164
0.694366
0.534180
-0.666412
-0.999969
-0.999969
-0.316528
0.999969
0.999969
0.430725
-0.003296
0.469086
0.999969
0.718506
-0.691437
-0.999969
-0.999969
-0.340210
0.787994
0.778168
0.132660
0.030060
0.791473
0.999969
0.881714
-0.669952
-0.999969
-0.999969
-0.330139
0.534241
0.342163
-0.193939
0.032104
0.999969
0.999969
0.999969
-0.609314
-0.999969
-0.999969
-0.281677
0.274384
-0.108917
-0.531006
0.004852
0.999969
0.999969
0.999969
-0.519257
-0.999969
-0.999969
-0.193390
0.024658
-0.550262
-0.858887
-0.046570
0.999969
0.999969
0.999969
-0.411102
-0.999969
-0.737579
-0.067383
-0.200378
-0.957672
-0.999969
-0.114624
0.999969
0.999969
0.999969
-0.296692
-0.817932
-0.337982
0.090820
-0.388885
-0.999969
-0.999969
-0.189789
0.999969
0.999969
0.960022
-0.187561
-0.439331
0.089630
0.272400
-0.532349
-0.999969
-0.999969
-0.261566
0.999969
0.999969
0.784149
-0.093872
-0.052734
0.521912
0.465942
-0.626007
-0.999969
-0.999969
-0.319305
0.999969
0.999969
0.548462
-0.023743
0.320099
0.934692
0.657990
-0.669006
-0.999969
-0.999969
-0.353149
0.874908
0.947845
0.263306
0.017517
0.658905
0.999969
0.834045
-0.664276
-0.999969
-0.999969
-0.355011
0.631439
0.525299
-0.057037
0.027649
0.946320
0.999969
0.979675
-0.618011
-0.999969
-0.999969
-0.319244
0.375488
0.077850
-0.395294
0.007660
0.999969
0.999969
0.999969
-0.539154
-0.999969
-0.999969
-0.243225
0.123596
-0.369751
-0.732208
-0.038361
0.999969
0.999969
0.999969
-0.438446
-0.999969
-0.893585
-0.127838
-0.109039
-0.792999
-0.999969
-0.103546
0.999969
0.999969
0.999969
-0.327606
-0.961365
-0.510040
0.022583
-0.309631
-0.999969
-0.999969
-0.178986
0.999969
0.999969
0.999969
-0.218323
-0.594421
-0.089539
0.200226
-0.468414
-0.999969
-0.999969
-0.254395
0.999969
0.999969
0.875763
-0.121216
-0.210785
0.345123
0.394470
-0.579346
-0.999969
-0.999969
-0.318939
0.999969
0.999969
0.660522
-0.045135
0.167603
0.769928
0.592316
-0.640167
-0.999969
-0.999969
-0.362457
0.954681
0.999969
0.390808
0.003662
0.519867
0.999969
0.779480
-0.652435
-0.999969
-0.999969
-0.376038
0.723816
0.703888
0.079590
0.021881
0.827515
0.999969
0.941193
-0.621216
-0.999969
-0.999969
-0.353088
0.474213
0.264099
-0.256836
0.009399
0.999969
0.999969
0.999969
-0.554504
-0.999969
-0.999969
-0.289886
0.222473
-0.185791
-0.599701
-0.030609
0.999969
0.999969
0.999969
-0.462402
-0.999969
-0.999969
-0.186035
-0.015686
-0.621063
-0.928864
-0.092194
0.999969
0.999969
0.999969
-0.356384
-0.999969
-0.677185
-0.044769
-0.226624
-0.999969
-0.999969
-0.166992
0.999969
0.999969
0.999969
-0.248077
-0.744812
-0.267578
0.127319
-0.399445
-0.999969
-0.999969
-0.245056
0.999969
0.999969
0.958893
-0.148560
-0.367615
0.165588
0.320404
-0.526794
-0.999969
-0.999969
-0.315613
0.999969
0.999969
0.765930
-0.067291
0.012939
0.598602
0.522186
-0.605072
-0.999969
-0.999969
-0.368103
0.999969
0.999969
0.514008
-0.011414
0.375549
0.999969
0.718567
-0.634460
-0.999969
-0.999969
-0.393036
0.810547
0.876312
0.214661
0.014740
0.700714
0.999969
0.894745
-0.618805
-0.999969
-0.999969
-0.382935
0.569580
0.448151
-0.116882
0.010010
0.971954
0.999969
0.999969
-0.565063
-0.999969
-0.999969
-0.332947
0.320343
0.000000
-0.462555
-0.023468
0.999969
0.999969
0.999969
-0.482666
-0.999969
-0.999969
-0.241516
0.078827
-0.443390
-0.802460
-0.080688
0.999969
0.999969
0.999969
-0.382599
-0.999969
-0.837952
-0.110596
-0.140564
-0.857758
-0.999969
-0.153961
0.999969
0.999969
0.999969
-0.276489
-0.889130
-0.442871
0.054352
-0.325958
-0.999969
-0.999969
-0.233734
0.999969
0.999969
0.999969
-0.175598
-0.521820
-0.015045
0.244507
-0.468750
-0.999969
-0.999969
-0.309418
0.999969
0.999969
0.863831
-0.089966
-0.142487
0.422211
0.448273
-0.563934
-0.999969
-0.999969
-0.370178
0.999969
0.999969
0.631866
-0.027557
0.227203
0.844727
0.652008
-0.610382
-0.999969
-0.999969
-0.406006
0.890747
0.999969
0.347015
0.006317
0.567047
0.999969
0.840851
-0.610657
-0.999969
-0.999969
-0.408630
0.660736
0.628357
0.023346
0.009460
0.859375
0.999969
0.999969
-0.570648
-0.999969
-0.999969
-0.372162
0.416290
0.185974
-0.321991
-0.017120
0.999969
0.999969
0.999969
-0.498932
-0.999969
-0.999969
-0.293823
0.173645
-0.261566
-0.669556
-0.069275
0.999969
